E:\python\python.exe G:/Download/MCB-Diff-Prop-2/MCB-73/src/multi-classifier/run_cla.py
分类器依次为：DT, KNN, SVM, LR, NB, RF, AdaBoost, GradientBoosting
-------------------------第 0 组数据------------------------------------------
0.3261538461538461 0.28956709956709953 0.2834840448656638 0.3968253968253968 0.15495940698905752 nan
0.35904761904761906 0.32995670995670995 0.31563159746657277 0.36507936507936506 0.13491246138002067 nan
0.28623885918003567 0.2613852813852814 0.25616161616161615 0.31746031746031744 0.09397993311036779 nan
0.29307261366084897 0.28567099567099563 0.28015873015873016 0.4126984126984127 0.16120906801007562 nan
0.36337662337662335 0.3612987012987013 0.3483964232488823 0.42857142857142855 0.17437204222788494 nan
-------------------------第 1 组数据------------------------------------------
0.49637426900584797 0.3551587301587301 0.3696969696969697 0.42857142857142855 0.2208862933699759 nan
0.40672268907563025 0.30436507936507934 0.30788766788766786 0.36507936507936506 0.15065722952477245 nan
0.2526307189542484 0.26666666666666666 0.2566837606837607 0.30158730158730157 0.0902527075812275 nan
0.43285714285714283 0.3345238095238095 0.336487595801097 0.42857142857142855 0.21900826446281008 nan
0.43507575757575756 0.3757936507936508 0.37400187517834577 0.47619047619047616 0.2889876880984952 nan
-------------------------第 2 组数据------------------------------------------
0.28888888888888886 0.30809954751131224 0.2808938808938809 0.36507936507936506 0.14110429447852757 nan
0.26181818181818184 0.2580361990950227 0.2504662004662005 0.31746031746031744 0.08386878593168756 nan
0.2996528109571588 0.3160361990950227 0.29696192696192697 0.3492063492063492 0.13496316141995968 nan
0.2998534798534799 0.3229502262443439 0.29621817528794275 0.3333333333333333 0.1156417112299466 nan
0.303051948051948 0.34271493212669685 0.30166288737717306 0.36507936507936506 0.1440217391304347 nan
-------------------------第 3 组数据------------------------------------------
0.39321839080459775 0.35764705882352943 0.3621164021164021 0.42857142857142855 0.21331945889698223 nan
0.3414035087719298 0.35137254901960785 0.3443181818181818 0.4444444444444444 0.23464074973967375 nan
0.2703908651734739 0.29411764705882354 0.2738313366220343 0.31746031746031744 0.08726415094339623 nan
0.3806182121971596 0.32764705882352946 0.3398717948717949 0.38095238095238093 0.15275862068965507 nan
0.366547619047619 0.3576470588235294 0.3451923076923077 0.42857142857142855 0.2206185567010308 nan
-------------------------第 4 组数据------------------------------------------
0.2643589743589743 0.31600873771259164 0.26829268292682923 0.36507936507936506 0.08629441624365486 nan
0.28644257703081233 0.32540177874863474 0.2904361744697879 0.38095238095238093 0.12779552715654952 nan
0.259047619047619 0.30674052114214384 0.26357928978042827 0.3492063492063492 0.0888888888888889 nan
0.20025974025974028 0.188079263535653 0.18143354902936784 0.30158730158730157 0.02049469964664319 nan
0.31467391304347825 0.339975035106881 0.28946135831381736 0.42857142857142855 0.14928732183045756 nan
-------------------------第 5 组数据------------------------------------------
0.4509937888198758 0.5197007223942209 0.4395954941116232 0.42857142857142855 0.21058127392969017 nan
0.2611494252873563 0.19231166150670792 0.20526077097505668 0.25396825396825395 -0.05486284289276799 nan
0.40047267547267545 0.5004127966976265 0.3702651131374536 0.3968253968253968 0.19203509956125564 nan
0.3838164251207729 0.4563570691434468 0.37514872166034957 0.3333333333333333 0.07933194154488521 nan
0.43916887709991154 0.5533746130030959 0.4521421107628004 0.4444444444444444 0.2435677530017153 nan
-------------------------第 6 组数据------------------------------------------
0.2600952380952381 0.27142857142857146 0.26229235880398666 0.4603174603174603 0.1843107387661843 nan
0.225 0.22142857142857145 0.21090909090909093 0.3492063492063492 0.08110992529348993 nan
0.19142857142857142 0.18095238095238098 0.16971480963181004 0.30158730158730157 -0.0028943560057888007 nan
0.24266666666666667 0.25555555555555554 0.24674564867631998 0.4126984126984127 0.12827225130890052 nan
0.3068580542264753 0.3261904761904762 0.31540136002003427 0.5396825396825397 0.2893815635939323 nan
-------------------------第 7 组数据------------------------------------------
0.21353686635944702 0.21384615384615385 0.21021315967403295 0.36507936507936506 0.05653313365780632 nan
0.4010144927536231 0.2830769230769231 0.3214855671998529 0.3333333333333333 0.040261153427638696 nan
0.40685714285714286 0.40615384615384614 0.4064052287581699 0.38095238095238093 0.09967020886771705 nan
0.2879761904761905 0.29384615384615387 0.28843813387423933 0.3492063492063492 0.04155844155844157 nan
0.15606060606060607 0.16076923076923075 0.1521505376344086 0.30158730158730157 -0.042105263157894646 nan
-------------------------第 8 组数据------------------------------------------
0.387037037037037 0.33561111111111114 0.35105070368228264 0.47619047619047616 0.23957571324067295 nan
0.220979020979021 0.21577777777777776 0.21553376906318084 0.3492063492063492 0.056955093099671394 nan
0.21411921411921409 0.2063888888888889 0.20833583208395803 0.3333333333333333 0.06170212765957439 nan
0.3626373626373626 0.3085 0.326198221643895 0.42857142857142855 0.16892634664712347 nan
0.3989285714285714 0.3137777777777778 0.33191815856777496 0.4603174603174603 0.20253164556962022 nan
-------------------------第 9 组数据------------------------------------------
0.45330143540669854 0.35119047619047616 0.3666666666666667 0.47619047619047616 0.19915254237288127 nan
0.29 0.31415343915343913 0.290298799732762 0.3968253968253968 0.14377682403433478 nan
0.3358730158730158 0.33425925925925926 0.3343201243201243 0.42857142857142855 0.16923076923076918 nan
0.45980861244019133 0.3554232804232804 0.37163247100802854 0.47619047619047616 0.20497131931166346 nan
0.38999999999999996 0.3734126984126984 0.3728104575163399 0.5238095238095238 0.2730769230769231 nan

Process finished with exit code 0
