E:\python\python.exe G:/Download/MCB-Diff-Prop-2/MCB-55/src/multi-classifier/run_cla.py
分类器依次为：LR,KNN, DT, SVM,  NB
-------------------------第 0 组数据------------------------------------------
0.5299919484702094 0.515625 0.516354484548739 0.49206349206349204 0.2511144130757802 nan
0.28827777777777774 0.25 0.2607588075880759 0.30158730158730157 0.0138740661686233 nan
0.2164957264957265 0.22416666666666668 0.2137399402372179 0.2857142857142857 0.023424044092318352 nan
0.3514285714285714 0.38583333333333336 0.36140350877192984 0.4444444444444444 0.21080887616320687 nan
0.5305944055944056 0.5479166666666666 0.5254122767734384 0.5396825396825397 0.32258064516129037 nan
-------------------------第 1 组数据------------------------------------------
0.4850980392156862 0.3758771929824561 0.3918187964841109 0.5079365079365079 0.2809278350515463 nan
0.329010989010989 0.3197368421052631 0.3203076923076923 0.4126984126984127 0.15390199637023594 nan
0.24942528735632186 0.2236842105263158 0.23088861838101032 0.3492063492063492 0.09590479523976192 nan
0.4648106060606061 0.4158771929824561 0.4293971501644136 0.5238095238095238 0.3159609120521172 nan
0.42386363636363633 0.3720175438596491 0.380250626566416 0.4603174603174603 0.2199563000728333 nan
-------------------------第 2 组数据------------------------------------------
0.2051948051948052 0.23555555555555557 0.21924741924741925 0.3333333333333333 0.07836990595611282 nan
0.21417004048582994 0.23555555555555552 0.22043969102792635 0.3333333333333333 0.08316008316008316 nan
0.2955072463768116 0.25666666666666665 0.2693446661739345 0.2857142857142857 0.03898305084745768 nan
0.16491228070175437 0.18444444444444447 0.17388073428245593 0.2698412698412698 -0.007649513212795611 nan
0.2003220611916264 0.2166666666666667 0.2021536066424494 0.31746031746031744 0.05279720279720279 nan
-------------------------第 3 组数据------------------------------------------
0.48993006993006993 0.6196491228070176 0.5344968756733464 0.5238095238095238 0.3152173913043478 nan
0.3602766798418972 0.47859649122807013 0.3693406593406593 0.38095238095238093 0.11682242990654201 nan
0.27181818181818185 0.26568421052631574 0.26239061647572287 0.3333333333333333 0.07740585774058584 nan
0.4011036789297659 0.5428771929824561 0.44666666666666666 0.38095238095238093 0.12872340425531925 nan
0.3395054945054945 0.45221052631578945 0.3388405797101449 0.4444444444444444 0.18754605747973463 nan
-------------------------第 4 组数据------------------------------------------
0.22576923076923078 0.22875 0.22532182341359985 0.4126984126984127 0.027939949958298627 nan
0.215982905982906 0.22749999999999998 0.21949989917322038 0.4444444444444444 0.0766331658291457 nan
0.23777777777777778 0.255 0.24079877112135178 0.3968253968253968 0.09592145015105735 nan
0.28944444444444445 0.31625000000000003 0.29827956989247306 0.3968253968253968 0.03778135048231501 nan
0.32624854819976773 0.28791666666666665 0.29927017382295384 0.4444444444444444 0.07624633431085037 nan
-------------------------第 5 组数据------------------------------------------
0.310752688172043 0.43606060606060604 0.32354902033408645 0.38095238095238093 0.14330543933054396 nan
0.2675990675990676 0.3852525252525253 0.28437001594896333 0.30158730158730157 0.03950103950103956 nan
0.18390092879256964 0.16717171717171717 0.1750451174841419 0.2698412698412698 -0.016129032258064724 nan
0.27 0.4138383838383838 0.2794745484400657 0.3492063492063492 0.10992419021364574 nan
0.25900900900900903 0.411010101010101 0.2597027972027972 0.3333333333333333 0.10213776722090251 nan
-------------------------第 6 组数据------------------------------------------
0.4966666666666667 0.4259259259259259 0.45392461197339246 0.5238095238095238 0.29080675422138846 nan
0.47298474945533775 0.34925925925925927 0.37583518182429254 0.49206349206349204 0.24579124579124578 nan
0.2869871794871795 0.28296296296296297 0.283672514619883 0.38095238095238093 0.08080808080808088 nan
0.4822413793103448 0.3992592592592593 0.4314285714285714 0.49206349206349204 0.24776119402985075 nan
0.5048809523809524 0.41962962962962963 0.4463799283154121 0.5555555555555556 0.3272311212814646 nan
-------------------------第 7 组数据------------------------------------------
0.2496894409937888 0.2735 0.25394291243347844 0.4444444444444444 0.20021762785636554 nan
0.46620370370370373 0.5145000000000001 0.4606684981684982 0.4603174603174603 0.2267148014440432 nan
0.2569230769230769 0.41550000000000004 0.27868211643166274 0.38095238095238093 0.11650485436893199 nan
0.5240862990964412 0.526 0.5221548821548821 0.49206349206349204 0.27220216606498193 nan
0.5361111111111111 0.5125 0.5051374399735056 0.49206349206349204 0.25222551928783377 nan
-------------------------第 8 组数据------------------------------------------
0.24962962962962965 0.26380090497737557 0.24805194805194802 0.3968253968253968 0.15555555555555556 nan
0.2765 0.27873303167420815 0.27044334975369455 0.30158730158730157 0.04347826086956519 nan
0.26944232238349886 0.3085972850678733 0.28145276292335114 0.36507936507936506 0.11857292759706184 nan
0.20379411764705885 0.19773755656108596 0.19238095238095237 0.30158730158730157 0.040166204986149645 nan
0.3667973856209151 0.3823529411764706 0.3675477463712758 0.47619047619047616 0.24564586357039186 nan
-------------------------第 9 组数据------------------------------------------
0.3407142857142857 0.3416666666666667 0.3374991022049846 0.4126984126984127 0.16601073345259398 nan
0.39762145748987854 0.3625 0.371463963963964 0.5079365079365079 0.28696604600219056 nan
0.3263888888888889 0.2763888888888889 0.29305555555555557 0.36507936507936506 0.10064239828693788 nan
0.37230769230769234 0.3638888888888889 0.3659248120300752 0.4444444444444444 0.2056916426512968 nan
0.357124183006536 0.35694444444444445 0.34492975734355047 0.4444444444444444 0.19701383831026942 nan

Process finished with exit code 0
