E:\python\python.exe G:/Download/MCB-Diff-Prop-2/MCB-55/src/multi-classifier/run_cla.py
分类器依次为：LR,KNN, DT, SVM,  NB
-------------------------第 0 组数据------------------------------------------
0.15369352869352867 0.25 0.16208619374523264 0.2857142857142857 0.1511976047904191 nan
0.0863095238095238 0.04583333333333334 0.05557397583259651 0.1111111111111111 -0.010020040080160442 nan
0.22152777777777777 0.26805555555555555 0.21442594442594443 0.20634920634920634 0.10333048676345014 nan
0.1571492233256939 0.2893939393939394 0.18295454545454543 0.2222222222222222 0.09657594381035994 nan
0.11412738496071828 0.19513888888888886 0.11835317460317459 0.2698412698412698 0.12920673076923084 nan
-------------------------第 1 组数据------------------------------------------
0.14446924603174602 0.1702861952861953 0.15025591333730867 0.20634920634920634 0.07894736842105277 0.06451612903225806
0.1639957264957265 0.11645021645021643 0.12322984749455339 0.15873015873015872 0.04518158421504148 0.4112903225806452
0.14530723905723905 0.16241582491582493 0.14456540426368014 0.20634920634920634 0.09638554216867468 0.3225806451612903
0.15849673202614378 0.16880711880711882 0.14394646747587925 0.23809523809523808 0.1116333725029377 0.10483870967741937
0.18997493734335838 0.1857744107744108 0.16619610548181976 0.25396825396825395 0.12706367924528317 0.1774193548387097
-------------------------第 2 组数据------------------------------------------
0.10373471557682085 0.09758297258297258 0.09578661376574091 0.15873015873015872 0.03385416666666674 0.27499999999999997
0.11571530321530321 0.1286706349206349 0.11785714285714287 0.15873015873015872 0.049530315969256944 0.6222222222222222
0.2203703703703704 0.19560185185185183 0.20226561746169588 0.25396825396825395 0.15278969957081534 0.35277777777777775
0.08452380952380953 0.08658008658008658 0.08220188902007085 0.14285714285714285 0.013913043478260834 0.2583333333333333
0.08787878787878788 0.08784271284271283 0.08362982047192574 0.14285714285714285 0.004972214097689331 0.3972222222222222
-------------------------第 3 组数据------------------------------------------
0.07794478249023705 0.09302112029384757 0.07555560496736967 0.15873015873015872 0.01591511936339529 0.532258064516129
0.14415204678362573 0.16624579124579125 0.13087606837606836 0.15873015873015872 0.04271788990825687 0.8387096774193549
0.10335497835497835 0.10426997245179064 0.10106499780412824 0.15873015873015872 0.04189383070301289 0.5967741935483871
0.18784504968715493 0.20881542699724517 0.1889322236071462 0.19047619047619047 0.06923522595596743 0.5161290322580645
0.054723707664884144 0.10550964187327824 0.06464646464646463 0.1746031746031746 0.03305785123966942 0.2661290322580645
-------------------------第 4 组数据------------------------------------------
0.14722222222222223 0.23194444444444443 0.17836879432624117 0.2222222222222222 0.06821611832176278 0.6721311475409837
0.3423821548821549 0.30694444444444446 0.253495115995116 0.20634920634920634 0.10815402038505095 0.6598360655737705
0.15420574795574796 0.2203703703703704 0.16009358288770054 0.1746031746031746 0.08491620111731835 0.7745901639344263
0.128639846743295 0.19583333333333333 0.15307239057239058 0.2222222222222222 0.07464028776978426 0.5614754098360656
0.18324314574314574 0.26064814814814813 0.20756257631257632 0.2698412698412698 0.12631896291829958 0.6967213114754098
-------------------------第 5 组数据------------------------------------------
0.40079365079365087 0.4306051587301587 0.37876984126984126 0.3968253968253968 0.2769556025369979 0.17741935483870963
0.30205026455026457 0.32023809523809527 0.2455573341123213 0.20634920634920634 0.10815402038505084 0.5806451612903225
0.23466810966810966 0.2078373015873016 0.19729005562338897 0.20634920634920634 0.09300316729052693 0.282258064516129
0.33425925925925926 0.3462797619047619 0.31516993798115545 0.2857142857142857 0.14505428226779238 0.22580645161290325
0.2677910052910053 0.2949900793650793 0.25093795093795096 0.36507936507936506 0.21884686918784868 0.7177419354838709
-------------------------第 6 组数据------------------------------------------
0.40058048012593467 0.3004722550177096 0.3193034238488784 0.3968253968253968 0.2665441176470589 0.39444444444444443
0.20105273514364425 0.2001180637544274 0.18892871834048303 0.23809523809523808 0.12525310963262937 0.4472222222222222
0.2029761904761905 0.22317821067821067 0.20538541788541786 0.30158730158730157 0.1948881789137379 0.5722222222222222
0.39953886693017127 0.3246753246753247 0.3438672438672439 0.38095238095238093 0.24908312958435208 0.6194444444444445
0.1911764705882353 0.2039551357733176 0.1796969696969697 0.3492063492063492 0.17999999999999994 0.6
-------------------------第 7 组数据------------------------------------------
0.17404817404817405 0.17485847485847486 0.15735617039964866 0.2698412698412698 0.140059347181009 0.7622950819672131
0.15172735760971054 0.18821733821733821 0.1198770365437032 0.1746031746031746 0.08209582516110947 0.2827868852459017
0.17415674603174602 0.1646062271062271 0.15838535458100675 0.23809523809523808 0.14624505928853748 0.5491803278688525
0.1984392419175028 0.16253052503052504 0.1691919191919192 0.25396825396825395 0.1387434554973822 0.5573770491803278
0.23092816274634453 0.184015984015984 0.17801182557280118 0.2857142857142857 0.15875370919881293 0.47131147540983603
-------------------------第 8 组数据------------------------------------------
0.19727272727272727 0.13452380952380952 0.1279165279165279 0.23809523809523808 0.10080285459411242 0.11885245901639346
0.09696969696969697 0.09455266955266955 0.08748212700781871 0.12698412698412698 0.012820512820512664 0.4877049180327869
0.27467532467532463 0.2604978354978355 0.2577644577644578 0.2698412698412698 0.1785714285714285 0.7540983606557377
0.2665869218500797 0.18870851370851371 0.20197912135711177 0.23809523809523808 0.11449487554904825 0.25
0.12789661319073084 0.15375180375180375 0.12491674991674992 0.2857142857142857 0.13855970829535103 0.12295081967213117
-------------------------第 9 组数据------------------------------------------
0.10498366013071896 0.1111111111111111 0.10724624837528064 0.14285714285714285 0.02938659058487869 0.8666666666666667
0.21547202797202794 0.1634920634920635 0.17339065255731922 0.19047619047619047 0.09057458250778372 0.7416666666666666
0.17673611111111112 0.19642857142857142 0.17361111111111108 0.2222222222222222 0.11673819742489266 0.6944444444444444
0.09282407407407407 0.11408730158730157 0.1017094017094017 0.12698412698412698 0.011412268188302432 0.8916666666666667
0.12725779967159276 0.09027777777777778 0.0861061419200954 0.15873015873015872 0.015334709525213763 0.75

Process finished with exit code 0
