E:\python\python.exe G:/Download/MCB-Diff-Prop-2/MCB-64/src/multi-classifier/run_cla.py
分类器依次为：DT, KNN, SVM, LR, NB, RF, AdaBoost, GradientBoosting
-------------------------第 0 组数据------------------------------------------
0.07555555555555556 0.1079695767195767 0.08218954248366013 0.1746031746031746 0.057266187050359685 0.7581967213114754
0.1253209617180205 0.1326058201058201 0.1262569130216189 0.15873015873015872 0.04572735067162026 0.6229508196721312
0.18364690864690864 0.23142135642135644 0.19298274824590614 0.2222222222222222 0.11950941243582436 0.30327868852459017
0.1036111111111111 0.1087962962962963 0.09782913165266106 0.15873015873015872 0.038306451612903136 0.3688524590163934
0.04836241199877564 0.10353535353535354 0.06358320042530569 0.15873015873015872 0.035249927766541456 0.7131147540983607
-------------------------第 1 组数据------------------------------------------
0.22655723905723904 0.2492068117068117 0.2152236652236652 0.2857142857142857 0.17274584184417852 0.782258064516129
0.22004870129870127 0.22240837865837867 0.20037091055397693 0.19047619047619047 0.08094965675057209 0.3629032258064516
0.23670634920634917 0.23228276353276353 0.20253564202839566 0.25396825396825395 0.15400000000000003 0.814516129032258
0.23901515151515154 0.23300310800310797 0.22958152958152958 0.2698412698412698 0.15213575190169693 0.7983870967741936
0.305325987144169 0.2663258458713004 0.22900875765325893 0.2857142857142857 0.1554959785522788 0.6935483870967742
-------------------------第 2 组数据------------------------------------------
0.29126984126984123 0.23171296296296298 0.22496128746128743 0.25396825396825395 0.1568906605922551 0.5245901639344263
0.22103174603174602 0.2578703703703704 0.20272366522366522 0.23809523809523808 0.14768883878241257 0.3770491803278689
0.20023148148148148 0.20671296296296301 0.19215426911505343 0.2222222222222222 0.1240068104426787 0.4713114754098361
0.32486772486772486 0.2263888888888889 0.21463196389666975 0.23809523809523808 0.1435853865760407 0.24180327868852458
0.19901719901719905 0.20252525252525252 0.17146963708228533 0.2222222222222222 0.11191024165707708 0.4426229508196721
-------------------------第 3 组数据------------------------------------------
0.2794642857142857 0.3675595238095237 0.3052045177045177 0.30158730158730157 0.20023081361800343 nan
0.10509259259259258 0.2469907407407407 0.13067817903344223 0.15873015873015872 0.049530315969256944 nan
0.24057539682539683 0.32969576719576715 0.26319444444444445 0.19047619047619047 0.09314140558848427 nan
0.29018379281537177 0.39765211640211645 0.315343258891646 0.30158730158730157 0.197452229299363 nan
0.3217493112947658 0.2850649350649351 0.26263453910512735 0.2698412698412698 0.150395778364116 nan
-------------------------第 4 组数据------------------------------------------
0.16216712580348944 0.14025974025974025 0.14466745375836287 0.19047619047619047 0.045454545454545525 0.3689655172413793
0.09452614379084967 0.1175925925925926 0.09485891523935001 0.14285714285714285 0.0357142857142857 0.6362068965517241
0.1414141414141414 0.115007215007215 0.12209087209087208 0.12698412698412698 0.007163323782234832 0.4206896551724138
0.14840510366826154 0.13722943722943723 0.1416052416052416 0.19047619047619047 0.04799999999999993 0.32413793103448274
0.11862170087976541 0.12914862914862915 0.11932872322482711 0.2222222222222222 0.051029818628957946 0.33793103448275863
-------------------------第 5 组数据------------------------------------------
0.2605880230880231 0.23117690058479534 0.2302470405411582 0.25396825396825395 0.1334503950834065 0.8606557377049181
0.2674582362082362 0.20595760233918128 0.21632949476086735 0.2222222222222222 0.11648540354894099 0.7336065573770492
0.31860754985754985 0.23190789473684212 0.2349436546687186 0.20634920634920634 0.12035744205529175 0.680327868852459
0.2778996101364523 0.24780701754385967 0.2518612965981387 0.31746031746031744 0.19542619542619544 0.639344262295082
0.19973544973544974 0.2086988304093567 0.2002136752136752 0.25396825396825395 0.11320754716981107 0.8114754098360656
-------------------------第 6 组数据------------------------------------------
0.13298052293267604 0.12798701298701298 0.1284556087187666 0.2698412698412698 0.11186025130248234 0.564516129032258
0.25168650793650793 0.18093253968253967 0.11813822751322751 0.14285714285714285 0.04945515507124898 0.12903225806451613
0.12222222222222222 0.08172619047619048 0.09119203236850297 0.12698412698412698 0.006878761822871837 0.18548387096774194
0.14602064602064602 0.11142857142857143 0.12147537147537148 0.19047619047619047 0.06134969325153361 0.7096774193548387
0.18829529056801783 0.16138528138528138 0.16846138842384148 0.31746031746031744 0.15475819032761307 0.532258064516129
-------------------------第 7 组数据------------------------------------------
0.3340498581877892 0.23403679653679654 0.25557484701869726 0.3333333333333333 0.1950106480073015 nan
0.2362258953168044 0.2416125541125541 0.23056414697099986 0.25396825396825395 0.14049346879535562 nan
0.15996272246272245 0.13998015873015873 0.14012972865914042 0.20634920634920634 0.11117381489841982 nan
0.2944925444925444 0.26255411255411254 0.2679818419776136 0.3333333333333333 0.2042105263157894 nan
0.29608993157380253 0.30160714285714285 0.2688475826773699 0.3333333333333333 0.19598906107566072 nan
-------------------------第 8 组数据------------------------------------------
0.1103030303030303 0.12932900432900435 0.11622880731239864 0.1746031746031746 0.03590347263095939 nan
0.04338624338624338 0.0661075036075036 0.0480599647266314 0.09523809523809523 -0.028056112224448926 nan
0.08333333333333333 0.09884559884559883 0.08917748917748919 0.15873015873015872 0.039689387402933596 nan
0.11212121212121212 0.1301980847435393 0.11608734402852049 0.1746031746031746 0.051259774109470024 nan
0.23566666666666664 0.195995670995671 0.18244275234987312 0.25396825396825395 0.12422360248447217 nan
-------------------------第 9 组数据------------------------------------------
0.2924242424242425 0.17748917748917747 0.19826839826839826 0.2698412698412698 0.1380130874479476 0.6059322033898304
0.3547979797979797 0.24186507936507937 0.23269330307373784 0.20634920634920634 0.1409871829833651 0.6949152542372882
0.19484126984126984 0.2619047619047619 0.20348863192000452 0.19047619047619047 0.10451505016722396 0.34745762711864403
0.16818181818181818 0.18787878787878787 0.17242757242757245 0.2222222222222222 0.10625361899247243 0.7055084745762712
0.21201298701298701 0.17965367965367965 0.1853605743849646 0.2698412698412698 0.13518352730528205 0.6440677966101694

Process finished with exit code 0
