E:\python\python.exe G:/Download/MCB-Diff-Prop-2/MCB-91/src/multi-classifier/run_cla.py
分类器依次为：DT, KNN, SVM, LR, NB, RF, AdaBoost, GradientBoosting
-------------------------第 0 组数据------------------------------------------
0.15395299145299146 0.16912878787878785 0.15827320827320826 0.23809523809523808 0.07748627211714465 0.3401639344262295
0.17060212514757966 0.1585055096418733 0.1431450872359963 0.19047619047619047 0.08147512864493989 0.7172131147540983
0.23365800865800865 0.19214876033057848 0.19969645521428203 0.20634920634920634 0.0773286467486819 0.6188524590163935
0.1597222222222222 0.14245580808080807 0.14573586744639377 0.19047619047619047 0.04261025029797372 0.5122950819672131
0.1400545634920635 0.16335227272727273 0.14441137566137566 0.2222222222222222 0.057116676847892345 0.5327868852459017
-------------------------第 1 组数据------------------------------------------
0.2087061087061087 0.17446524064171123 0.17420634920634917 0.23809523809523808 0.10107015457788338 0.08064516129032256
0.2079124579124579 0.09635571400277282 0.12020757020757021 0.14285714285714285 0.04652466367713015 0.6290322580645161
0.2843253968253968 0.1672484650425827 0.19869130447878078 0.2222222222222222 0.11293103448275865 0.8790322580645161
0.2483745421245421 0.22280402059813822 0.2242601453127769 0.25396825396825395 0.13924418604651156 0.3870967741935484
0.22083333333333333 0.2213061992473757 0.21166706520006376 0.2698412698412698 0.13414998506124887 0.75
-------------------------第 2 组数据------------------------------------------
0.14769119769119768 0.2028607755880483 0.16633986928104577 0.19047619047619047 0.06052631578947354 nan
0.13374819624819623 0.15129662004662003 0.13256911217437536 0.1746031746031746 0.07037457434733263 nan
0.1724206349206349 0.19981060606060605 0.18355830254807237 0.19047619047619047 0.09262920079073711 nan
0.14647435897435898 0.20467657342657342 0.1646541499482676 0.25396825396825395 0.13370392042129897 nan
0.17380952380952383 0.22194055944055943 0.18270365056591742 0.23809523809523808 0.12067461471357965 nan
-------------------------第 3 组数据------------------------------------------
0.14522144522144523 0.13068181818181818 0.12452253628724218 0.19047619047619047 0.000311138767890462 0.6935483870967741
0.2325068870523416 0.2584415584415584 0.23165158074248982 0.20634920634920634 0.07813871817383666 0.3790322580645161
0.1958874458874459 0.20692640692640693 0.19167650531286895 0.20634920634920634 0.07867797601637894 0.5967741935483871
0.18423733129615483 0.13749999999999998 0.14337384540593098 0.2222222222222222 0.045749613601236305 0.717741935483871
0.15637208320135149 0.17045454545454544 0.15145715528490647 0.2222222222222222 0.028939918213274463 0.6451612903225807
-------------------------第 4 组数据------------------------------------------
0.22569444444444442 0.24791666666666667 0.21309523809523812 0.31746031746031744 0.20112061338838094 0.7338709677419355
0.22288359788359788 0.27718253968253964 0.21709107885578474 0.20634920634920634 0.10663641520136136 0.45967741935483875
0.19837962962962963 0.20436507936507933 0.16435185185185186 0.19047619047619047 0.09797866367209429 0.5806451612903225
0.21777777777777782 0.20138888888888887 0.1957615510247089 0.2857142857142857 0.1642099056603773 0.7580645161290323
0.21852764094143404 0.23263888888888887 0.20413311549383437 0.2857142857142857 0.16396343261574753 0.7096774193548387
-------------------------第 5 组数据------------------------------------------
0.2129370629370629 0.17573953823953825 0.17634789452971275 0.19047619047619047 0.04828199052132709 nan
0.19369115732752099 0.2745670995670996 0.1883116883116883 0.19047619047619047 0.0984848484848484 nan
0.19318181818181818 0.23403679653679657 0.20885478158205428 0.25396825396825395 0.14496101645971693 nan
0.2573426573426573 0.25945165945165943 0.22285593194684103 0.23809523809523808 0.10611882944132423 nan
0.27052785923753664 0.31437590187590186 0.2180625628401257 0.23809523809523808 0.09569377990430616 nan
-------------------------第 6 组数据------------------------------------------
0.2628968253968254 0.26607142857142857 0.24355317884729652 0.2698412698412698 0.16145833333333315 0.430327868852459
0.26219613719613727 0.32507215007215007 0.25364845849349144 0.25396825396825395 0.16095211107962593 0.5614754098360656
0.1773929773929774 0.19094516594516595 0.16779808355895312 0.20634920634920634 0.11715246636771293 0.5163934426229508
0.27827380952380953 0.20138888888888892 0.19808739019265334 0.20634920634920634 0.09012131715771221 0.5040983606557377
0.3598749735113371 0.33961038961038964 0.2988968633705476 0.3333333333333333 0.2308139534883722 0.4016393442622951
-------------------------第 7 组数据------------------------------------------
0.11541867954911433 0.07604166666666666 0.0784412955465587 0.1111111111111111 -0.05787106446776602 0.20161290322580644
0.16684704184704183 0.2181547619047619 0.1735663946190262 0.1746031746031746 0.05753739930955115 0.4435483870967742
0.07777777777777778 0.0831845238095238 0.07276334776334777 0.15873015873015872 0.03664166185804951 0.4274193548387097
0.15162037037037038 0.1326388888888889 0.12398989898989897 0.12698412698412698 -0.017621145374449476 0.26612903225806456
0.145770202020202 0.1173611111111111 0.12008547008547006 0.1111111111111111 -0.03612334801762107 0.75
-------------------------第 8 组数据------------------------------------------
0.15346320346320347 0.16386643659370934 0.15405953474135292 0.23809523809523808 0.10875331564986745 0.8064516129032259
0.2665521978021978 0.2376692751692752 0.2000543874769881 0.2222222222222222 0.13140123804164328 0.8387096774193549
0.17050045913682277 0.16956982411527866 0.1545323363505182 0.1746031746031746 0.07063829787234033 0.8870967741935484
0.14967320261437908 0.1653422335240517 0.15107115107115107 0.2222222222222222 0.0971044164960514 0.8387096774193549
0.20844155844155843 0.21478824206096936 0.19467971641884685 0.23809523809523808 0.11423550087873457 0.782258064516129
-------------------------第 9 组数据------------------------------------------
0.17780764635603344 0.2241188141923436 0.17459607386077977 0.30158730158730157 0.14523589269195203 0.5245901639344263
0.29719994058229354 0.27462651727357607 0.2536171208654046 0.20634920634920634 0.10739586285066582 0.5163934426229508
0.21736111111111112 0.27319677871148457 0.21437157709087537 0.1746031746031746 0.06560182544209914 0.5778688524590163
0.2977430555555555 0.29785247432306255 0.2701436130007559 0.3492063492063492 0.19956616052060727 0.5163934426229508
0.12032828282828283 0.18872549019607843 0.12794871794871795 0.2857142857142857 0.12147505422993476 0.5327868852459017

Process finished with exit code 0
