E:\python\python.exe G:/Download/MCB-Diff-Prop-2/MCB-82/src/multi-classifier/run_cla.py
分类器依次为：DT, KNN, SVM, LR, NB, RF, AdaBoost, GradientBoosting
-------------------------第 0 组数据------------------------------------------
0.15903679653679653 0.28492063492063496 0.18738083267495034 0.23809523809523808 0.08750754375377179 0.4877049180327869
0.23611111111111108 0.2738095238095238 0.22038943978303246 0.20634920634920634 0.11217587373167981 0.4098360655737705
0.22838504088504086 0.34047619047619043 0.2579480704480704 0.2857142857142857 0.18651362984218078 0.5409836065573771
0.2265873015873016 0.2869047619047619 0.2470281228433402 0.2222222222222222 0.0809764810955641 0.569672131147541
0.08325866188769414 0.2111111111111111 0.1106280193236715 0.15873015873015872 -0.017987804878048852 0.7131147540983607
-------------------------第 1 组数据------------------------------------------
0.1796474358974359 0.17480158730158726 0.1697811447811448 0.15873015873015872 0.044361763022323863 0.3138888888888889
0.13402777777777777 0.14193722943722945 0.1330952064504696 0.14285714285714285 0.04411351503231231 0.7194444444444444
0.20965608465608465 0.1902236652236652 0.19484126984126982 0.23809523809523808 0.14912774338773227 0.41388888888888886
0.3051796157059315 0.21392496392496388 0.21963268213268214 0.19047619047619047 0.08121246782956815 0.4666666666666667
0.24916815210932858 0.21908697363242816 0.22712297606185555 0.19047619047619047 0.06815545243619481 0.6805555555555556
-------------------------第 2 组数据------------------------------------------
0.38700396825396827 0.3182539682539683 0.32370319738740794 0.2857142857142857 0.16593115622241827 0.3729508196721312
0.29292929292929293 0.22797619047619044 0.2162037037037037 0.12698412698412698 0.026411913458836755 0.319672131147541
0.3175324675324675 0.3442460317460317 0.2991095162147794 0.30158730158730157 0.21717029087828288 0.5327868852459017
0.38849206349206344 0.30386904761904765 0.31803751803751806 0.25396825396825395 0.13268892794376086 0.4016393442622951
0.3095238095238095 0.2742063492063492 0.28069211490264123 0.3333333333333333 0.22130665097115954 0.35245901639344257
-------------------------第 3 组数据------------------------------------------
0.17926587301587302 0.19530812324929972 0.16204090160331194 0.30158730158730157 0.17377049180327864 0.6475409836065573
0.1338744588744589 0.1815126050420168 0.14484126984126985 0.1746031746031746 0.047951176983435095 0.5081967213114754
0.09212962962962962 0.10665266106442577 0.09080563562388051 0.1746031746031746 0.05753739930955126 0.7950819672131147
0.12524050024050024 0.142390289449113 0.127994227994228 0.23809523809523808 0.1175955646337904 0.7336065573770492
0.28142361111111114 0.226937441643324 0.2164553700267986 0.2857142857142857 0.13567073170731703 0.7049180327868853
-------------------------第 4 组数据------------------------------------------
0.2243481156524635 0.25969106650924834 0.22386045327221799 0.25396825396825395 0.1442196531791906 0.7903225806451613
0.21597222222222223 0.19505772005772007 0.1994388327721661 0.2222222222222222 0.12276214833759602 0.2741935483870968
0.2148358585858586 0.20461760461760467 0.2040223665223665 0.23809523809523808 0.13968705547652926 0.46774193548387094
0.23263888888888892 0.2414862914862915 0.21356421356421354 0.23809523809523808 0.131533601378518 0.7822580645161291
0.25121527777777775 0.22958152958152955 0.21528116586256119 0.2222222222222222 0.10052447552447541 0.717741935483871
-------------------------第 5 组数据------------------------------------------
0.23164335664335667 0.18929824561403508 0.17850241545893716 0.23809523809523808 0.0605778191985088 nan
0.19385822510822512 0.1527046783625731 0.13340132090132092 0.19047619047619047 0.07058142898466879 nan
0.12116402116402115 0.1232699805068226 0.10640876817347407 0.2222222222222222 0.09631147540983609 nan
0.1380952380952381 0.17877192982456142 0.14984848484848484 0.20634920634920634 0.04080389768574921 nan
0.2523754789272031 0.22622807017543858 0.2160714285714286 0.2698412698412698 0.09238960225493242 nan
-------------------------第 6 组数据------------------------------------------
0.19327894327894327 0.17550125313283207 0.17490609993819237 0.1746031746031746 0.014440433212996484 0.610655737704918
0.3566468253968254 0.27970446950710104 0.27569529236195905 0.15873015873015872 0.06128760191172322 0.819672131147541
0.1518939393939394 0.1444078947368421 0.1454090206358809 0.12698412698412698 0.009150700600514705 0.5655737704918034
0.16468253968253968 0.1575657894736842 0.16056166056166057 0.15873015873015872 0.009198813056379818 0.6516393442622951
0.20910493827160495 0.16611842105263158 0.1670289855072464 0.19047619047619047 0.011992619926199155 0.5614754098360656
-------------------------第 7 组数据------------------------------------------
0.22575757575757577 0.18664668664668663 0.16780455838997918 0.23809523809523808 0.11475409836065564 0.6434426229508197
0.25396825396825395 0.2045038295038295 0.21503345139708777 0.23809523809523808 0.13575307230637312 0.569672131147541
0.13614718614718616 0.15846653346653347 0.1388535706717525 0.20634920634920634 0.09560723514211888 0.639344262295082
0.2520833333333333 0.1919261294261294 0.18859180035650627 0.23809523809523808 0.11604793919906464 0.6434426229508197
0.4124458874458874 0.2678155178155178 0.2545454545454545 0.3333333333333333 0.22313564298297117 0.7377049180327869
-------------------------第 8 组数据------------------------------------------
0.27884615384615385 0.21455415499533145 0.21330252434903596 0.2698412698412698 0.1257918552036199 0.7661290322580645
0.18303571428571427 0.13145424836601308 0.13812097584027408 0.15873015873015872 0.055178268251273366 0.8951612903225806
0.24051226551226548 0.178874883286648 0.19730539522206184 0.20634920634920634 0.10384068278805114 0.814516129032258
0.1994047619047619 0.1618580765639589 0.16833814333814334 0.2698412698412698 0.1228813559322034 0.7661290322580645
0.2951388888888889 0.21457749766573295 0.20224795046223618 0.30158730158730157 0.14812538414259369 0.717741935483871
-------------------------第 9 组数据------------------------------------------
0.16936462324393356 0.16944444444444443 0.16500956135102476 0.15873015873015872 0.011837821840781304 0.7580645161290323
0.10152894491129784 0.0744047619047619 0.08177225871191389 0.1111111111111111 -0.014376078205865506 0.8387096774193549
0.1268939393939394 0.12182539682539682 0.12078013572578793 0.15873015873015872 0.05061131646289452 0.8951612903225806
0.14186507936507936 0.09930555555555555 0.10448717948717949 0.15873015873015872 0.008021390374331583 0.7661290322580645
0.2528499278499278 0.22777777777777777 0.22628205128205128 0.23809523809523808 0.10026777744718829 0.7258064516129032

Process finished with exit code 0
