E:\python\python.exe G:/Download/MCB-Diff-Prop-2/MCB-73/src/multi-classifier/run_cla.py
分类器依次为：DT, KNN, SVM, LR, NB, RF, AdaBoost, GradientBoosting
-------------------------第 0 组数据------------------------------------------
0.33229578392621867 0.2822871572871573 0.28366013071895424 0.2857142857142857 0.18205424120023073 0.7419354838709677
0.1960482804232804 0.1857864357864358 0.1609548167092924 0.19047619047619047 0.09005947323704322 0.6048387096774193
0.1485479797979798 0.12923881673881674 0.12168663761801017 0.1111111111111111 -0.009153318077803396 0.4435483870967742
0.23227513227513227 0.18506493506493504 0.19015616999487964 0.19047619047619047 0.07725445146467547 0.8145161290322581
0.24709595959595956 0.18335137085137085 0.187353206865402 0.2222222222222222 0.09999999999999987 0.7338709677419355
-------------------------第 1 组数据------------------------------------------
0.15668590668590668 0.13377594627594627 0.1356013802427215 0.1746031746031746 0.03873239436619713 0.3225806451612903
0.14924242424242426 0.1359126984126984 0.1349345380785543 0.14285714285714285 0.028832429346274724 0.16935483870967744
0.1375278761642398 0.13036963036963037 0.13080808080808082 0.1746031746031746 0.05835010060362167 0.2661290322580645
0.1628978864272982 0.12881562881562883 0.1379028379028379 0.1746031746031746 0.03675389591296685 0.34677419354838707
0.2347883597883598 0.15552503052503053 0.17075702075702073 0.20634920634920634 0.06500445235975061 0.31451612903225806
-------------------------第 2 组数据------------------------------------------
0.233 0.22634920634920636 0.20294871794871794 0.2222222222222222 0.08370436331255571 0.5327868852459017
0.1308080808080808 0.17797619047619048 0.1244973544973545 0.15873015873015872 0.045454545454545414 0.5
0.1852175602175602 0.23354978354978356 0.19833935128052776 0.23809523809523808 0.13053479010925817 0.26229508196721313
0.176984126984127 0.225 0.17764550264550263 0.25396825396825395 0.13723776223776207 0.5327868852459017
0.1928282828282828 0.22682539682539682 0.1911730545876887 0.2222222222222222 0.07519472738166566 0.7786885245901639
-------------------------第 3 组数据------------------------------------------
0.2090868578836493 0.1921356421356421 0.18885725088933647 0.20634920634920634 0.09690366972477071 0.6885245901639344
0.2276154401154401 0.26018518518518524 0.22056673546611627 0.20634920634920634 0.10865874363327666 0.6967213114754098
0.17500000000000002 0.18860028860028857 0.18018895449236005 0.20634920634920634 0.1058756741413569 0.6229508196721311
0.19959256429844666 0.20945165945165944 0.18541458541458544 0.20634920634920634 0.10102739726027399 0.6680327868852459
0.19416525503482027 0.194011544011544 0.18212847758302306 0.20634920634920634 0.09195733640818682 0.5942622950819672
-------------------------第 4 组数据------------------------------------------
0.15121527777777777 0.17427248677248675 0.15017278043593832 0.31746031746031744 0.1937500000000001 0.5911016949152542
0.11726791726791726 0.11706349206349205 0.11121907332433649 0.19047619047619047 0.07004341534008685 0.5508474576271186
0.15066137566137563 0.14242724867724868 0.14503205128205127 0.19047619047619047 0.07831325301204817 0.6800847457627118
0.14084757834757833 0.12903439153439153 0.11986901986901988 0.23809523809523808 0.11006474396703936 0.4385593220338983
0.11931216931216931 0.14153439153439154 0.11710007880220645 0.2698412698412698 0.1328545780969479 0.548728813559322
-------------------------第 5 组数据------------------------------------------
0.3421717171717171 0.3834110334110335 0.35050897170462386 0.30158730158730157 0.1685662867426514 0.36065573770491804
0.3124368686868687 0.29704462204462206 0.2519756387403446 0.1746031746031746 0.08695652173913038 0.4959016393442623
0.12288961038961038 0.1709013209013209 0.1388888888888889 0.14285714285714285 0.02633085289066961 0.6065573770491803
0.2902777777777778 0.3889055389055389 0.30878427128427127 0.30158730158730157 0.17988165680473367 0.30327868852459017
0.30132020757020755 0.32517482517482516 0.27208708708708707 0.3492063492063492 0.21009174311926604 0.2622950819672131
-------------------------第 6 组数据------------------------------------------
0.19976190476190475 0.2011111111111111 0.19561175666438824 0.30158730158730157 0.1747543911878534 0.7983870967741935
0.21002331002331 0.11089466089466088 0.11917001700283435 0.15873015873015872 0.05168986083499005 0.6612903225806451
0.13305785123966943 0.11457431457431456 0.11970872264989912 0.20634920634920634 0.08109684947491247 0.5725806451612903
0.18961988304093566 0.1820634920634921 0.18324717765894238 0.2857142857142857 0.15043452202577168 0.8387096774193549
0.22975806451612907 0.1757142857142857 0.17701799255171174 0.30158730158730157 0.1559074299634593 0.7096774193548387
-------------------------第 7 组数据------------------------------------------
0.20259259259259257 0.14384920634920637 0.1512231909649413 0.23809523809523808 0.09731343283582072 0.7903225806451614
0.16119281045751632 0.1433531746031746 0.1446318018898664 0.19047619047619047 0.07058142898466868 0.8548387096774194
0.134469696969697 0.10515873015873016 0.11365239698573032 0.14285714285714285 0.04169014084507028 0.6693548387096774
0.3098148148148148 0.310515873015873 0.2909500729622681 0.2698412698412698 0.1433638782146024 0.7741935483870968
0.23315972222222223 0.20461309523809523 0.1898538961038961 0.2857142857142857 0.13487946292340558 0.7338709677419355
-------------------------第 8 组数据------------------------------------------
0.3217171717171717 0.2705266955266955 0.26470277689789884 0.31746031746031744 0.19086021505376338 0.3722222222222222
0.1482638888888889 0.13025793650793652 0.12127192982456142 0.12698412698412698 0.024218529991551718 0.7583333333333334
0.16320346320346318 0.14718614718614714 0.1451127819548872 0.15873015873015872 0.03830645161290325 0.41666666666666663
0.22652116402116404 0.19093915343915344 0.20270146520146523 0.23809523809523808 0.11189427312775313 0.22777777777777775
0.25059349252897634 0.2405483405483406 0.23161560661560665 0.25396825396825395 0.1108108108108109 0.375
-------------------------第 9 组数据------------------------------------------
0.23845598845598845 0.27240259740259737 0.2385056565537849 0.2698412698412698 0.1498973305954825 0.41388888888888886
0.16666666666666666 0.20773809523809525 0.13948412698412702 0.1746031746031746 0.0977692095841366 0.38611111111111107
0.25041322314049586 0.23062770562770563 0.20737898465171192 0.2698412698412698 0.18778026905829592 0.5833333333333333
0.3550175669740887 0.38506493506493505 0.34770823455033983 0.36507936507936506 0.25991189427312755 0.27499999999999997
0.3268135904499541 0.3769480519480519 0.32216905901116427 0.31746031746031744 0.20812627886582857 0.5944444444444444

Process finished with exit code 0
