E:\python\python.exe G:/Download/MCB-Diff-Prop-2/MCB-55/src/multi-classifier/run_cla.py
分类器依次为：DT, KNN, SVM, LR, NB, RF, AdaBoost, GradientBoosting
-------------------------第 0 组数据------------------------------------------
0.33258256066757086 0.33015873015873015 0.3291037781950962 0.33015873015873015
0.37870957085798373 0.346031746031746 0.345040414708303 0.346031746031746
0.40989673565010476 0.4095238095238095 0.4070060139435495 0.4095238095238095
0.42843268281406294 0.44126984126984126 0.42988233784212193 0.44126984126984126
0.4152452338960276 0.43174603174603177 0.4040642534491306 0.43174603174603177
0.3645763208027682 0.3619047619047619 0.3582384470999381 0.3619047619047619
0.30498120926692357 0.3619047619047619 0.2871678496856384 0.3619047619047619
0.3512957523777041 0.3904761904761905 0.326690956146352 0.3904761904761905
-------------------------第 1 组数据------------------------------------------
0.33819730592746927 0.326984126984127 0.330912746151928 0.326984126984127
0.3050110074543632 0.26666666666666666 0.2660899696483579 0.26666666666666666
0.4094242842872285 0.38412698412698415 0.39131457746020615 0.38412698412698415
0.3618028079686536 0.3619047619047619 0.36059229171010376 0.3619047619047619
0.41547921987733494 0.4158730158730159 0.40347529766164375 0.4158730158730159
0.3484951392034225 0.33650793650793653 0.33856861133357635 0.33650793650793653
0.30487149443182093 0.3619047619047619 0.3144755937679395 0.3619047619047619
0.3519013359988552 0.38095238095238093 0.3541502238383615 0.38095238095238093
-------------------------第 2 组数据------------------------------------------
0.3213503933277624 0.326984126984127 0.32388491805337716 0.326984126984127
0.31366522056399554 0.3238095238095238 0.317265154978602 0.3238095238095238
0.397496727529626 0.4095238095238095 0.39867258060776845 0.4095238095238095
0.35587783563442793 0.38412698412698415 0.361080880304578 0.38412698412698415
0.3189069836688885 0.37142857142857144 0.33371894609588443 0.37142857142857144
0.35033567903743346 0.33650793650793653 0.3368506198588719 0.33650793650793653
0.37610016538680613 0.4095238095238095 0.3206858012225521 0.4095238095238095
0.3879691948898125 0.4158730158730159 0.3472641448302824 0.4158730158730159
-------------------------第 3 组数据------------------------------------------
0.27317057561757385 0.273015873015873 0.2709941142561478 0.273015873015873
0.3003125107720991 0.30158730158730157 0.29611856286526156 0.30158730158730157
0.37892025516594185 0.3904761904761905 0.38357034428463 0.3904761904761905
0.35314792583700144 0.37142857142857144 0.35485408383403827 0.37142857142857144
0.35091238429173544 0.37142857142857144 0.3468881499098402 0.37142857142857144
0.32863653153569117 0.33650793650793653 0.33006975143854755 0.33650793650793653
0.35425758789030826 0.3396825396825397 0.29645292555707053 0.3396825396825397
0.39492441421012847 0.4 0.33055930177543635 0.4
-------------------------第 4 组数据------------------------------------------
0.31392213762362464 0.326984126984127 0.31893266416120036 0.326984126984127
0.329432214415821 0.3333333333333333 0.3228124884815466 0.3333333333333333
0.4119266160570509 0.4222222222222222 0.41351304587904053 0.4222222222222222
0.4078462218623944 0.4158730158730159 0.3960163856683084 0.4158730158730159
0.37031191785333706 0.39365079365079364 0.3653964444445498 0.39365079365079364
0.3307197216786258 0.35555555555555557 0.3384326022199776 0.35555555555555557
0.38208701852537474 0.35555555555555557 0.3103801677073566 0.35555555555555557
0.3834389268691726 0.39365079365079364 0.3254186410452378 0.39365079365079364
-------------------------第 5 组数据------------------------------------------
0.35515512216397177 0.3619047619047619 0.35708119952912754 0.3619047619047619
0.38339878173491615 0.35555555555555557 0.35131201927570516 0.35555555555555557
0.3694255173756065 0.3904761904761905 0.3777755440441666 0.3904761904761905
0.3734718143016116 0.4031746031746032 0.3855760835704634 0.4031746031746032
0.3650893936608222 0.4 0.37590359770983744 0.4
0.41443155801255477 0.4126984126984127 0.40661566343506406 0.4126984126984127
0.3519049277669967 0.346031746031746 0.28792599605750513 0.346031746031746
0.35902314205534946 0.38412698412698415 0.33128420849465956 0.38412698412698415
-------------------------第 6 组数据------------------------------------------
0.3644225132739009 0.34285714285714286 0.3487157012781593 0.34285714285714286
0.3586431407991278 0.35555555555555557 0.35053047902727996 0.35555555555555557
0.39776736651760897 0.4031746031746032 0.39091741089134574 0.4031746031746032
0.4520123771319944 0.4507936507936508 0.4356795739868403 0.4507936507936508
0.40377283336228914 0.42857142857142855 0.4051926331404438 0.42857142857142855
0.3948536440945682 0.3873015873015873 0.38493806399964037 0.3873015873015873
0.3141340462738768 0.37142857142857144 0.32791505023817474 0.37142857142857144
0.39534621511439827 0.43492063492063493 0.39484778216976274 0.43492063492063493
-------------------------第 7 组数据------------------------------------------
0.4002381475552207 0.3746031746031746 0.3752615549198675 0.3746031746031746
0.4136279853071833 0.34285714285714286 0.33247063327520426 0.34285714285714286
0.38552601534505165 0.38095238095238093 0.3714090930020129 0.38095238095238093
0.35374510512739715 0.38095238095238093 0.36171678257689105 0.38095238095238093
0.35266507592128266 0.4 0.35627524998149135 0.4
0.36349173587006756 0.3682539682539683 0.3602653798886312 0.3682539682539683
0.31439196692717825 0.38095238095238093 0.3177097134543943 0.38095238095238093
0.38455290200581677 0.4095238095238095 0.3530778498358456 0.4095238095238095
-------------------------第 8 组数据------------------------------------------
0.4275718594302665 0.37142857142857144 0.3854463653416278 0.37142857142857144
0.3871827313856299 0.3142857142857143 0.3269585843499714 0.3142857142857143
0.43449283704682373 0.4126984126984127 0.41051551311542234 0.4126984126984127
0.44997973989137474 0.4253968253968254 0.41714797704524836 0.4253968253968254
0.4727195767195768 0.4380952380952381 0.4338545411590014 0.4380952380952381
0.39747273085086643 0.37142857142857144 0.3747042050718121 0.37142857142857144
0.3114861009534133 0.32063492063492066 0.307394144188135 0.32063492063492066
0.39448370372283414 0.38412698412698415 0.3809405379253769 0.38412698412698415
-------------------------第 9 组数据------------------------------------------
0.37691506024839355 0.37142857142857144 0.37308599072031595 0.37142857142857144
0.40766056613630125 0.36507936507936506 0.36530383467636646 0.36507936507936506
0.38437535323692773 0.38095238095238093 0.37766672313862126 0.38095238095238093
0.3810359766076352 0.3968253968253968 0.38032724642313587 0.3968253968253968
0.3580564263322884 0.35873015873015873 0.3435460260832784 0.35873015873015873
0.460079023359521 0.44761904761904764 0.45027997026772537 0.44761904761904764
0.44473650248162694 0.4158730158730159 0.358155765890476 0.4158730158730159
0.3632601788732057 0.3873015873015873 0.3341458892893329 0.3873015873015873

Process finished with exit code 0
