E:\python\python.exe G:/Download/MCB-Diff-Prop-2/MCB-64/src/multi-classifier/run_cla.py
分类器依次为：DT, KNN, SVM, LR, NB, RF, AdaBoost, GradientBoosting
-------------------------第 0 组数据------------------------------------------
0.31800664710328574 0.32142857142857145 0.31364164887628726 0.32142857142857145
0.31649054594260073 0.3492063492063492 0.3220531612157228 0.3492063492063492
0.360039766195136 0.376984126984127 0.34623945023642794 0.376984126984127
0.37977762977762974 0.3968253968253968 0.36168433504101 0.3968253968253968
0.41671626984126986 0.40476190476190477 0.35760423044719897 0.40476190476190477
0.3181847848788638 0.3492063492063492 0.3239448883670222 0.3492063492063492
0.3039554789051771 0.35714285714285715 0.24728247476380438 0.35714285714285715
0.42569117390545963 0.4087301587301587 0.33193522340920156 0.4087301587301587
-------------------------第 1 组数据------------------------------------------
0.3650588939279415 0.3611111111111111 0.3597157880246115 0.3611111111111111
0.3396484404621251 0.2976190476190476 0.2976431872948945 0.2976190476190476
0.36487599911705204 0.36507936507936506 0.3602402258247979 0.36507936507936506
0.36693340845975075 0.38492063492063494 0.369631842274918 0.38492063492063494
0.3825125491792158 0.4007936507936508 0.38177254026256136 0.4007936507936508
0.37155379619670303 0.3611111111111111 0.3604751663506603 0.3611111111111111
0.3999083512809064 0.3373015873015873 0.3381085866127003 0.3373015873015873
0.31175359032501887 0.376984126984127 0.3318295266824679 0.376984126984127
-------------------------第 2 组数据------------------------------------------
0.35516842064461107 0.3531746031746032 0.35131097007393897 0.3531746031746032
0.3167483941820225 0.3134920634920635 0.2984776509473846 0.3134920634920635
0.4232708444360847 0.42857142857142855 0.3936648167505684 0.42857142857142855
0.3852832276227721 0.42063492063492064 0.38215075598651854 0.42063492063492064
0.4804179146099347 0.44047619047619047 0.4004315408162423 0.44047619047619047
0.44898715041572185 0.4444444444444444 0.4326086854374358 0.4444444444444444
0.33121676551053314 0.3373015873015873 0.32668729282906267 0.3373015873015873
0.5124314498025838 0.4246031746031746 0.35468846464504755 0.4246031746031746
-------------------------第 3 组数据------------------------------------------
0.3655397901072396 0.3611111111111111 0.3603219414928145 0.3611111111111111
0.38137239636914333 0.373015873015873 0.36756216489469734 0.373015873015873
0.342620075099225 0.36507936507936506 0.3500064288437895 0.36507936507936506
0.38148770619358857 0.3968253968253968 0.3800002496397183 0.3968253968253968
0.3595770456223128 0.3968253968253968 0.36104022829356114 0.3968253968253968
0.38173430291656896 0.39285714285714285 0.3791582121246936 0.39285714285714285
0.2720594220594221 0.373015873015873 0.2772078142215442 0.373015873015873
0.3183824794597152 0.39285714285714285 0.3124542939629722 0.39285714285714285
-------------------------第 4 组数据------------------------------------------
0.40481491678986153 0.4007936507936508 0.40270259196027675 0.4007936507936508
0.3984023129564913 0.38095238095238093 0.38265888218607147 0.38095238095238093
0.4433323031925516 0.4365079365079365 0.42828453486538254 0.4365079365079365
0.4178459212128353 0.4365079365079365 0.41997997097858786 0.4365079365079365
0.40275983520351877 0.42857142857142855 0.4039988046123981 0.42857142857142855
0.3816745538795228 0.3968253968253968 0.38880749401356646 0.3968253968253968
0.350907029478458 0.3373015873015873 0.29279917526761845 0.3373015873015873
0.37180414780816384 0.4087301587301587 0.35181754511089297 0.4087301587301587
-------------------------第 5 组数据------------------------------------------
0.3348952423732423 0.3253968253968254 0.32826004034159423 0.3253968253968254
0.33124535594722465 0.32142857142857145 0.3134753198044337 0.32142857142857145
0.3759412886950536 0.38095238095238093 0.37521940875115484 0.38095238095238093
0.3669105024368183 0.38492063492063494 0.3736022271935928 0.38492063492063494
0.3419787026985169 0.3492063492063492 0.3436337298285747 0.3492063492063492
0.31182846034036515 0.30158730158730157 0.30235085434589715 0.30158730158730157
0.31819697895801424 0.31746031746031744 0.3045350492032833 0.31746031746031744
0.33741176095395325 0.3611111111111111 0.334190165490523 0.3611111111111111
-------------------------第 6 组数据------------------------------------------
0.40673944608323237 0.39285714285714285 0.39394973626763086 0.39285714285714285
0.363955762804447 0.34523809523809523 0.34466087219457503 0.34523809523809523
0.37938498283325867 0.38095238095238093 0.3771000293176093 0.38095238095238093
0.4031859410430839 0.4126984126984127 0.4057374926412286 0.4126984126984127
0.4059729630038356 0.4166666666666667 0.40970356950182063 0.4166666666666667
0.3986343805695965 0.3968253968253968 0.39585852569895125 0.3968253968253968
0.2946090792585292 0.3373015873015873 0.2822655908627636 0.3373015873015873
0.4862088256355174 0.48412698412698413 0.4552658155354306 0.48412698412698413
-------------------------第 7 组数据------------------------------------------
0.3292742310599453 0.32142857142857145 0.32454573929983765 0.32142857142857145
0.3080691752343304 0.2857142857142857 0.2910470185952898 0.2857142857142857
0.3865051730165115 0.376984126984127 0.37634896704660237 0.376984126984127
0.3806072472848789 0.38095238095238093 0.37649053778573555 0.38095238095238093
0.3992784992784993 0.4007936507936508 0.37776401463013537 0.4007936507936508
0.32584937884078086 0.3333333333333333 0.32822743474496213 0.3333333333333333
0.34474646860501734 0.3531746031746032 0.3475841058072714 0.3531746031746032
0.3829378576827556 0.3888888888888889 0.3073891604722554 0.3888888888888889
-------------------------第 8 组数据------------------------------------------
0.2960422278919839 0.30158730158730157 0.2962370960544071 0.30158730158730157
0.3518440778289033 0.34523809523809523 0.33735130831700355 0.34523809523809523
0.38707890419890756 0.3968253968253968 0.382186033069795 0.3968253968253968
0.3704559378243589 0.3888888888888889 0.3675116515684549 0.3888888888888889
0.34870073994907774 0.3611111111111111 0.34695528801123504 0.3611111111111111
0.3960669177296812 0.4007936507936508 0.38889309563366425 0.4007936507936508
0.4101827610620226 0.42063492063492064 0.3615353475601923 0.42063492063492064
0.44197982416257175 0.45634920634920634 0.40724983507491247 0.45634920634920634
-------------------------第 9 组数据------------------------------------------
0.3401355561381641 0.32936507936507936 0.3331965532535873 0.32936507936507936
0.3800740180663917 0.376984126984127 0.3741126819753915 0.376984126984127
0.42295337450376214 0.42063492063492064 0.41440366499044207 0.42063492063492064
0.44635878261051637 0.43253968253968256 0.4254680564143747 0.43253968253968256
0.396876328300068 0.4007936507936508 0.3970338274896782 0.4007936507936508
0.3437603502386211 0.36507936507936506 0.35301035063135144 0.36507936507936506
0.34011264095749505 0.35714285714285715 0.32704051289720426 0.35714285714285715
0.36044977130248446 0.373015873015873 0.36512329317387576 0.373015873015873

Process finished with exit code 0
