E:\python\python.exe G:/Download/MCB-Diff-Prop-2/MCB-73/src/multi-classifier/run_cla.py
分类器依次为：DT, KNN, SVM, LR, NB, RF, AdaBoost, GradientBoosting
-------------------------第 0 组数据------------------------------------------
0.454425102321439 0.42857142857142855 0.43457544634015216 0.42857142857142855
0.4316636704183672 0.3544973544973545 0.36130146916287037 0.3544973544973545
0.4429775471442138 0.42328042328042326 0.42389412091539747 0.42328042328042326
0.47106544407893736 0.42857142857142855 0.4224811222830186 0.42857142857142855
0.420777388396436 0.4126984126984127 0.3968648742873549 0.4126984126984127
0.36694353812580416 0.3492063492063492 0.3506680060684338 0.3492063492063492
0.43976089935278895 0.4126984126984127 0.39715725869572016 0.4126984126984127
0.5046990046990047 0.48148148148148145 0.41996405758734306 0.48148148148148145
-------------------------第 1 组数据------------------------------------------
0.3518819908665682 0.3386243386243386 0.342971579035262 0.3386243386243386
0.3333525036423587 0.3386243386243386 0.33202061562592966 0.3386243386243386
0.4282024063468164 0.4444444444444444 0.4341559957464356 0.4444444444444444
0.46219105602667243 0.4656084656084656 0.4452579699107477 0.4656084656084656
0.3788583180797451 0.4021164021164021 0.3840083099342358 0.4021164021164021
0.35482740565528403 0.3544973544973545 0.35205465987778917 0.3544973544973545
0.35293427912475533 0.3492063492063492 0.3157836110244776 0.3492063492063492
0.3596760838140149 0.43386243386243384 0.36964025973780323 0.43386243386243384
-------------------------第 2 组数据------------------------------------------
0.2920454031565142 0.2804232804232804 0.2827108557275738 0.2804232804232804
0.2911978129507002 0.2962962962962963 0.2840421968427167 0.2962962962962963
0.3680274604339168 0.37566137566137564 0.35716559232426953 0.37566137566137564
0.37027137146107514 0.3862433862433862 0.3601567744424888 0.3862433862433862
0.3301736015999843 0.36507936507936506 0.3195530777401551 0.36507936507936506
0.3867689719182859 0.38095238095238093 0.37584937813189045 0.38095238095238093
0.3610428897404615 0.328042328042328 0.24629009920242692 0.328042328042328
0.33059334845049126 0.36507936507936506 0.30656989663200845 0.36507936507936506
-------------------------第 3 组数据------------------------------------------
0.35249533195488847 0.35978835978835977 0.3539825547076779 0.35978835978835977
0.3673310571928084 0.3439153439153439 0.3389144874452641 0.3439153439153439
0.34546406621944303 0.36507936507936506 0.3473597477108902 0.36507936507936506
0.37525274660128605 0.3915343915343915 0.3704875451482132 0.3915343915343915
0.37444592444592445 0.3915343915343915 0.36110448867998174 0.3915343915343915
0.3817993071908474 0.3862433862433862 0.37232117323968406 0.3862433862433862
0.3357135005458851 0.36507936507936506 0.3123419069841021 0.36507936507936506
0.3330681200355386 0.3862433862433862 0.33542053184910325 0.3862433862433862
-------------------------第 4 组数据------------------------------------------
0.3347588698779175 0.328042328042328 0.32393819297729076 0.328042328042328
0.3030266083889272 0.2962962962962963 0.27698019876663826 0.2962962962962963
0.32286371181071516 0.328042328042328 0.30653191644352595 0.328042328042328
0.3511614123782844 0.3439153439153439 0.31297835791361617 0.3439153439153439
0.34558956313342276 0.30687830687830686 0.26643535593621653 0.30687830687830686
0.3234844092348613 0.32275132275132273 0.30383490381784234 0.32275132275132273
0.36280006626306444 0.31216931216931215 0.220965976837657 0.31216931216931215
0.39399466126545024 0.3492063492063492 0.29582980665124603 0.3492063492063492
-------------------------第 5 组数据------------------------------------------
0.3406627576403696 0.3439153439153439 0.3414030839318196 0.3439153439153439
0.4348424511467989 0.37566137566137564 0.36770481467469834 0.37566137566137564
0.36649919226950045 0.37037037037037035 0.3616933816933817 0.37037037037037035
0.40566964853906434 0.4021164021164021 0.3890493143261806 0.4021164021164021
0.3568894267818999 0.35978835978835977 0.34814603777566744 0.35978835978835977
0.3567235996053268 0.35978835978835977 0.3532135127660639 0.35978835978835977
0.3554840554840555 0.35978835978835977 0.269980075853136 0.35978835978835977
0.3970677329455955 0.3862433862433862 0.3322095067063157 0.3862433862433862
-------------------------第 6 组数据------------------------------------------
0.3717195879827359 0.35978835978835977 0.36425402926942363 0.35978835978835977
0.3957068668933075 0.3915343915343915 0.38247877619346543 0.3915343915343915
0.40097465886939565 0.4126984126984127 0.4017737465356513 0.4126984126984127
0.4191815272062186 0.42328042328042326 0.4094197141272512 0.42328042328042326
0.3730737337170086 0.3862433862433862 0.37890384651396297 0.3862433862433862
0.38209953538713337 0.38095238095238093 0.37548707030222955 0.38095238095238093
0.34870686924873023 0.3492063492063492 0.3443865695638745 0.3492063492063492
0.3661711598219535 0.4021164021164021 0.3720250284274155 0.4021164021164021
-------------------------第 7 组数据------------------------------------------
0.329652262662755 0.31216931216931215 0.3180881458109181 0.31216931216931215
0.35405136937703985 0.328042328042328 0.3202821000515127 0.328042328042328
0.38177900467755543 0.3862433862433862 0.38087033087139194 0.3862433862433862
0.3644224652284251 0.3862433862433862 0.37078398053735556 0.3862433862433862
0.39675436932718483 0.4074074074074074 0.38181570255070313 0.4074074074074074
0.4072848539935485 0.4021164021164021 0.3947102286599205 0.4021164021164021
0.3060055619914775 0.3439153439153439 0.26482152981887536 0.3439153439153439
0.3920480979174224 0.3862433862433862 0.3386691033828724 0.3862433862433862
-------------------------第 8 组数据------------------------------------------
0.35620695492480187 0.3333333333333333 0.3425544610842559 0.3333333333333333
0.39993203144551664 0.35978835978835977 0.36406286332059995 0.35978835978835977
0.4068235749931684 0.4021164021164021 0.3947244476817354 0.4021164021164021
0.38048700312490896 0.4021164021164021 0.3862038203926353 0.4021164021164021
0.3954673467972846 0.4074074074074074 0.37672979943556334 0.4074074074074074
0.3910996410996411 0.38095238095238093 0.3841955699833212 0.38095238095238093
0.3206546765661945 0.3544973544973545 0.3194651584122837 0.3544973544973545
0.35787351977828175 0.37566137566137564 0.3180804103225245 0.37566137566137564
-------------------------第 9 组数据------------------------------------------
0.35870159292536374 0.3544973544973545 0.3555356668070618 0.3544973544973545
0.3718209896500885 0.3544973544973545 0.3593004471873503 0.3544973544973545
0.42970120117886434 0.41798941798941797 0.4069013112491373 0.41798941798941797
0.3615181745212705 0.38095238095238093 0.36084567010492935 0.38095238095238093
0.39227261728689483 0.4126984126984127 0.38511162040573804 0.4126984126984127
0.3889799569082387 0.4021164021164021 0.3905909798530422 0.4021164021164021
0.35338248267732747 0.36507936507936506 0.3371638973978155 0.36507936507936506
0.3896194131838149 0.3915343915343915 0.330628807831873 0.3915343915343915

Process finished with exit code 0
