E:\python\python.exe G:/Download/MCB-Diff-Prop-2/MCB-91/src/multi-classifier/run_cla.py
分类器依次为：DT, KNN, SVM, LR, NB, RF, AdaBoost, GradientBoosting
-------------------------第 0 组数据------------------------------------------
0.4771454475510011 0.4126984126984127 0.4341651241850346 0.4126984126984127
0.386760552174086 0.3492063492063492 0.3581716097717439 0.3492063492063492
0.4074074074074074 0.36507936507936506 0.3706055261610818 0.36507936507936506
0.42836091111953184 0.3968253968253968 0.40509442248572686 0.3968253968253968
0.46543393814798134 0.4603174603174603 0.457468340253278 0.4603174603174603
0.4798589065255732 0.47619047619047616 0.4777944594713407 0.47619047619047616
0.48716931216931214 0.49206349206349204 0.4837911131014579 0.49206349206349204
0.5449735449735449 0.5079365079365079 0.4907217538796486 0.5079365079365079
-------------------------第 1 组数据------------------------------------------
0.3135802469135803 0.2857142857142857 0.2924236361211151 0.2857142857142857
0.3051932367149759 0.30158730158730157 0.3021324354657688 0.30158730158730157
0.32565284178187404 0.31746031746031744 0.3151371151371151 0.31746031746031744
0.3183085919928026 0.3333333333333333 0.31647083075654503 0.3333333333333333
0.36904761904761907 0.3492063492063492 0.3419501133786848 0.3492063492063492
0.29578741172944073 0.30158730158730157 0.29356073398626586 0.30158730158730157
0.1821866077185226 0.2857142857142857 0.214299128101945 0.2857142857142857
0.26113146113146113 0.36507936507936506 0.2911842138895279 0.36507936507936506
-------------------------第 2 组数据------------------------------------------
0.23471521942110174 0.23809523809523808 0.23477401285683144 0.23809523809523808
0.30687830687830686 0.25396825396825395 0.2582010582010582 0.25396825396825395
0.29934640522875816 0.3333333333333333 0.3015428393579654 0.3333333333333333
0.36723985890652555 0.36507936507936506 0.33639789220770655 0.36507936507936506
0.3154660154660155 0.3968253968253968 0.333205325140809 0.3968253968253968
0.35143094005767933 0.36507936507936506 0.3524962058636398 0.36507936507936506
0.12286890064667842 0.30158730158730157 0.17460317460317462 0.30158730158730157
0.26800976800976806 0.3968253968253968 0.2828542828542829 0.3968253968253968
-------------------------第 3 组数据------------------------------------------
0.36568328790551013 0.4126984126984127 0.38525879917184264 0.4126984126984127
0.39141681363903585 0.42857142857142855 0.40553367779174226 0.42857142857142855
0.3957049486461251 0.4603174603174603 0.4092612483589927 0.4603174603174603
0.40752078609221465 0.4603174603174603 0.4195904032110929 0.4603174603174603
0.4014670514670514 0.4603174603174603 0.4029782538813738 0.4603174603174603
0.33265993265993266 0.38095238095238093 0.3499278499278499 0.38095238095238093
0.2804855275443511 0.38095238095238093 0.276143638462479 0.38095238095238093
0.35369110607205845 0.4126984126984127 0.3452847805788982 0.4126984126984127
-------------------------第 4 组数据------------------------------------------
0.26500165283504706 0.25396825396825395 0.2581925032015776 0.25396825396825395
0.39025054466230935 0.3333333333333333 0.3391025641025642 0.3333333333333333
0.3937389770723104 0.3333333333333333 0.3359148318825738 0.3333333333333333
0.33694083694083693 0.36507936507936506 0.34801132673473095 0.36507936507936506
0.363059163059163 0.3333333333333333 0.3212721169710417 0.3333333333333333
0.4322751322751323 0.3968253968253968 0.40673551145449344 0.3968253968253968
0.3929963798384851 0.3968253968253968 0.3590282202681846 0.3968253968253968
0.28632478632478636 0.36507936507936506 0.30940170940170936 0.36507936507936506
-------------------------第 5 组数据------------------------------------------
0.36281179138321995 0.3492063492063492 0.3555135640922016 0.3492063492063492
0.35819883508959144 0.36507936507936506 0.3587706247280715 0.36507936507936506
0.5038548752834466 0.5238095238095238 0.5050555519032279 0.5238095238095238
0.4373897707231041 0.4444444444444444 0.4338239538239538 0.4444444444444444
0.3725520511234797 0.36507936507936506 0.3568740627564157 0.36507936507936506
0.38473167044595613 0.3968253968253968 0.38095238095238093 0.3968253968253968
0.3174158552309812 0.36507936507936506 0.281535503757726 0.36507936507936506
0.5566714490674318 0.47619047619047616 0.43341108966108965 0.47619047619047616
-------------------------第 6 组数据------------------------------------------
0.4165334665334665 0.36507936507936506 0.37649982932240994 0.36507936507936506
0.2872712083238399 0.30158730158730157 0.2926199623063735 0.30158730158730157
0.38204388204388207 0.3968253968253968 0.3824514991181657 0.3968253968253968
0.3673881673881674 0.3968253968253968 0.36624705253086837 0.3968253968253968
0.4506544138123086 0.4603174603174603 0.44103934614138707 0.4603174603174603
0.4199451342308485 0.3333333333333333 0.3488548892949683 0.3333333333333333
0.16234352819718673 0.25396825396825395 0.189010989010989 0.25396825396825395
0.5874861572535991 0.4444444444444444 0.393252545940718 0.4444444444444444
-------------------------第 7 组数据------------------------------------------
0.3090616363504466 0.30158730158730157 0.2943585515014086 0.30158730158730157
0.3248677248677249 0.30158730158730157 0.3031369911069159 0.30158730158730157
0.35207860922146633 0.36507936507936506 0.3302066486972147 0.36507936507936506
0.38020621353954687 0.38095238095238093 0.3523732407942934 0.38095238095238093
0.34890873015873014 0.38095238095238093 0.3510616367759225 0.38095238095238093
0.35999185999186 0.36507936507936506 0.3427452366227876 0.36507936507936506
0.26129426129426125 0.2698412698412698 0.23718231881497184 0.2698412698412698
0.49123916877540064 0.36507936507936506 0.3110649909681387 0.36507936507936506
-------------------------第 8 组数据------------------------------------------
0.4286562560246771 0.4126984126984127 0.41955004223911785 0.4126984126984127
0.3653504880212955 0.36507936507936506 0.3599677722126702 0.36507936507936506
0.37927726922034316 0.4126984126984127 0.39368442751901395 0.4126984126984127
0.4263038548752834 0.4603174603174603 0.4381228474795727 0.4603174603174603
0.4971269272344541 0.49206349206349204 0.48427441151899353 0.49206349206349204
0.4525343148531555 0.4444444444444444 0.4366611924563407 0.4444444444444444
0.28394241417497235 0.36507936507936506 0.3054272619490011 0.36507936507936506
0.335246293639407 0.38095238095238093 0.32516350426798185 0.38095238095238093
-------------------------第 9 组数据------------------------------------------
0.30884353741496595 0.2857142857142857 0.2840251426422737 0.2857142857142857
0.34529042386185244 0.36507936507936506 0.3379995572978029 0.36507936507936506
0.4480798771121352 0.4444444444444444 0.41921817159912395 0.4444444444444444
0.5237637362637363 0.5238095238095238 0.5100948434281768 0.5238095238095238
0.5090608465608466 0.49206349206349204 0.48028955171812315 0.49206349206349204
0.5720335025598184 0.5555555555555556 0.5558739143087612 0.5555555555555556
0.29111752445085776 0.2857142857142857 0.2344773223381033 0.2857142857142857
0.47758537758537756 0.42857142857142855 0.3783270492947913 0.42857142857142855

Process finished with exit code 0
