E:\python\python.exe G:/Download/MCB-Diff-Prop-2/MCB-82/src/multi-classifier/run_cla.py
分类器依次为：DT, KNN, SVM, LR, NB, RF, AdaBoost, GradientBoosting
-------------------------第 0 组数据------------------------------------------
0.32036647036647037 0.31746031746031744 0.317694140474526 0.31746031746031744
0.33298890556018423 0.3333333333333333 0.3310805015465603 0.3333333333333333
0.3613536589542782 0.36507936507936506 0.3617176133305165 0.36507936507936506
0.3583402047687762 0.38095238095238093 0.36910114548531375 0.38095238095238093
0.3771220548998327 0.40476190476190477 0.38477488192292447 0.40476190476190477
0.3743993220183696 0.38095238095238093 0.37657512382822006 0.38095238095238093
0.370150849938084 0.3968253968253968 0.32524736780055935 0.3968253968253968
0.3806599832915622 0.42063492063492064 0.34883533359143115 0.42063492063492064
-------------------------第 1 组数据------------------------------------------
0.33827483116101 0.31746031746031744 0.3228144430525383 0.31746031746031744
0.3996655711237964 0.373015873015873 0.37663313376032675 0.373015873015873
0.3830979150919627 0.42063492063492064 0.40056726427313916 0.42063492063492064
0.40458747601604744 0.4523809523809524 0.4263784461152882 0.4523809523809524
0.4245772383027285 0.4603174603174603 0.43231552577666926 0.4603174603174603
0.44969974423878073 0.4126984126984127 0.42520585079373696 0.4126984126984127
0.3337750377928949 0.4365079365079365 0.3516298705797998 0.4365079365079365
0.38041517160291105 0.4523809523809524 0.38701963748613877 0.4523809523809524
-------------------------第 2 组数据------------------------------------------
0.30946156240273887 0.30952380952380953 0.30835907183020506 0.30952380952380953
0.40612098602882013 0.3412698412698413 0.33323354310513215 0.3412698412698413
0.40507094333624943 0.3888888888888889 0.39126576116977324 0.3888888888888889
0.4172775226962419 0.3968253968253968 0.4018483445566779 0.3968253968253968
0.4197019085411943 0.42063492063492064 0.4178185924420486 0.42063492063492064
0.3583683826424298 0.3492063492063492 0.3390894819466248 0.3492063492063492
0.47110297110297117 0.48412698412698413 0.4319238130306896 0.48412698412698413
0.45490833643007555 0.47619047619047616 0.43719471021472917 0.47619047619047616
-------------------------第 3 组数据------------------------------------------
0.3093711843711843 0.29365079365079366 0.29990520475741433 0.29365079365079366
0.326302238066944 0.30952380952380953 0.3087060499506638 0.30952380952380953
0.40116738053245987 0.42063492063492064 0.40772727272727266 0.42063492063492064
0.36325515280739157 0.4126984126984127 0.3773588491443775 0.4126984126984127
0.39562178367026307 0.42857142857142855 0.3977374248170708 0.42857142857142855
0.4167752207265885 0.42063492063492064 0.41075657943127825 0.42063492063492064
0.3885806237658089 0.3888888888888889 0.3460661167354081 0.3888888888888889
0.414423740510697 0.42063492063492064 0.35278377651259 0.42063492063492064
-------------------------第 4 组数据------------------------------------------
0.36460731868895135 0.35714285714285715 0.35882335636209167 0.35714285714285715
0.3779177462104291 0.3492063492063492 0.3567201040622968 0.3492063492063492
0.39550264550264547 0.4126984126984127 0.3837372369981066 0.4126984126984127
0.4046855921855922 0.42063492063492064 0.3834285970780441 0.42063492063492064
0.4197796622454156 0.4365079365079365 0.396361919730723 0.4365079365079365
0.43467310774884665 0.42857142857142855 0.4217636529947863 0.42857142857142855
0.2919831821617536 0.3333333333333333 0.28104919509174825 0.3333333333333333
0.46038961038961046 0.4365079365079365 0.38566000254091454 0.4365079365079365
-------------------------第 5 组数据------------------------------------------
0.3345644709496702 0.3253968253968254 0.3260858260858261 0.3253968253968254
0.403968253968254 0.4126984126984127 0.40575635778833646 0.4126984126984127
0.461976911976912 0.4523809523809524 0.44252611150776333 0.4523809523809524
0.4141049417406616 0.42063492063492064 0.4024531024531024 0.42063492063492064
0.3972171619230443 0.4365079365079365 0.4047520066625863 0.4365079365079365
0.3946130588987732 0.4126984126984127 0.3943081071021107 0.4126984126984127
0.3339969626994529 0.36507936507936506 0.25910103461058875 0.36507936507936506
0.3843067533732091 0.42857142857142855 0.3880221222347207 0.42857142857142855
-------------------------第 6 组数据------------------------------------------
0.3382383301394384 0.3253968253968254 0.3275799485558037 0.3253968253968254
0.3975790110141517 0.3888888888888889 0.39149718537846395 0.3888888888888889
0.4730590756894521 0.4603174603174603 0.4425771430097313 0.4603174603174603
0.47518266565885614 0.46825396825396826 0.44817474053927264 0.46825396825396826
0.5358814465957322 0.5 0.46011445878616386 0.5
0.38791494150971273 0.373015873015873 0.37477309813758414 0.373015873015873
0.27940745877639084 0.40476190476190477 0.29967827586875206 0.40476190476190477
0.5835537918871252 0.46825396825396826 0.38756395858591575 0.46825396825396826
-------------------------第 7 组数据------------------------------------------
0.40717912613073903 0.3253968253968254 0.348700367064786 0.3253968253968254
0.396911663216011 0.2857142857142857 0.28879553341918934 0.2857142857142857
0.4709120207222674 0.4444444444444444 0.4527140361726828 0.4444444444444444
0.47667967896378416 0.4365079365079365 0.4448669314648696 0.4365079365079365
0.3878828226447274 0.373015873015873 0.3701288455925059 0.373015873015873
0.5024213117948173 0.5 0.49494342291371995 0.5
0.4329422590292155 0.4603174603174603 0.39743553200639803 0.4603174603174603
0.4028865566694514 0.4365079365079365 0.4100698174006444 0.4365079365079365
-------------------------第 8 组数据------------------------------------------
0.3724562474562475 0.3492063492063492 0.3562468615383922 0.3492063492063492
0.35404062334153524 0.3492063492063492 0.3480516055185869 0.3492063492063492
0.42029575362908694 0.4126984126984127 0.4119361743290422 0.4126984126984127
0.4169451406293512 0.42063492063492064 0.4167869167869168 0.42063492063492064
0.408740465883323 0.42063492063492064 0.40434790624155864 0.42063492063492064
0.34143990929705215 0.3333333333333333 0.3366111047194945 0.3333333333333333
0.33099773242630387 0.35714285714285715 0.3269795733950146 0.35714285714285715
0.40758970254768573 0.42063492063492064 0.38759710044523354 0.42063492063492064
-------------------------第 9 组数据------------------------------------------
0.38390151515151516 0.36507936507936506 0.37198632141028454 0.36507936507936506
0.40307840307840304 0.40476190476190477 0.40113438918109046 0.40476190476190477
0.5135572139303483 0.48412698412698413 0.4765967545327865 0.48412698412698413
0.5299056820795951 0.5238095238095238 0.5084332732182194 0.5238095238095238
0.4428460957032386 0.42063492063492064 0.400767644807512 0.42063492063492064
0.4454101533086353 0.4365079365079365 0.42980803016264013 0.4365079365079365
0.4174482924482924 0.3888888888888889 0.31440110157123274 0.3888888888888889
0.6388888888888888 0.4603174603174603 0.4066859066859067 0.4603174603174603

Process finished with exit code 0
