E:\python\python.exe G:/Download/MCB-Diff-Prop-2/MCB-82/src/multi-classifier/run_cla.py
分类器依次为：DT, KNN, SVM, LR, NB, RF, AdaBoost, GradientBoosting
-------------------------第 0 组数据------------------------------------------
0.3888888888888889 0.24584795321637426 0.2612674055129298 0.31746031746031744 0.04478138222849093 nan
0.27666666666666667 0.23532163742690057 0.24160930868397207 0.30158730158730157 0.03313568189745375 nan
0.2331578947368421 0.2587134502923976 0.2392502469246655 0.25396825396825395 -0.003388681802778626 nan
0.4025490196078431 0.2575438596491228 0.2755213615433934 0.3333333333333333 0.06798168369144064 nan
0.32125 0.3101754385964912 0.3022638146167558 0.4126984126984127 0.18410920546027298 nan
-------------------------第 1 组数据------------------------------------------
0.3407142857142857 0.45162907268170427 0.3662368395634116 0.4126984126984127 0.15359477124183007 nan
0.3600559369438088 0.46833751044277355 0.3973418394471026 0.42857142857142855 0.18855098389982106 nan
0.2620769230769231 0.4127401837928154 0.26562256506155524 0.2857142857142857 0.03538618577747532 nan
0.3258771929824561 0.43951545530492897 0.3468584146550248 0.3968253968253968 0.12850382235165647 nan
0.49571428571428566 0.547451963241437 0.4458247066942719 0.4444444444444444 0.21502313990744026 nan
-------------------------第 2 组数据------------------------------------------
0.2724715013339801 0.25429879045439685 0.24990476190476194 0.3968253968253968 0.15226628895184136 nan
0.23681818181818182 0.23635174893756128 0.23540177727358666 0.38095238095238093 0.1378947368421053 nan
0.27555555555555555 0.2659529257927427 0.26847239294674113 0.3492063492063492 0.11843003412969277 nan
0.3796451914098973 0.33963713631905856 0.3387636140512349 0.4603174603174603 0.23390557939914158 nan
0.2736842105263158 0.2455050670153645 0.22967418546365911 0.38095238095238093 0.14180929095354533 nan
-------------------------第 3 组数据------------------------------------------
0.22214285714285714 0.25217391304347825 0.230982905982906 0.38095238095238093 0.1345544205706235 nan
0.22856491334752205 0.40942028985507245 0.26518011855905155 0.30158730158730157 0.05553662691652472 nan
0.37463768115942025 0.4495859213250517 0.3584821930120211 0.3968253968253968 0.15076268180205743 nan
0.181978021978022 0.2088405797101449 0.19293769930777008 0.3333333333333333 0.057020669992872364 nan
0.30757575757575756 0.4601449275362318 0.3254901960784314 0.3968253968253968 0.18181818181818177 nan
-------------------------第 4 组数据------------------------------------------
0.4593472929635918 0.353768115942029 0.38290598290598293 0.4444444444444444 0.1926034419626511 nan
0.3881578947368421 0.30086956521739133 0.32665393144939947 0.3333333333333333 0.04269175108538348 nan
0.21508097165991905 0.1869565217391304 0.1953450276431643 0.30158730158730157 0.026001405481377415 nan
0.44223684210526315 0.3017391304347826 0.3221258741258741 0.42857142857142855 0.15937731653076348 nan
0.3661172161172161 0.3171014492753623 0.3250715386308607 0.3968253968253968 0.1326086956521738 nan
-------------------------第 5 组数据------------------------------------------
0.1682051282051282 0.1880112044817927 0.17411764705882354 0.2857142857142857 0.013569937369519836 nan
0.1557692307692308 0.18072829131652662 0.16624080526519552 0.2698412698412698 -0.016129032258064724 nan
0.2901010101010101 0.27697478991596636 0.2726403326403326 0.38095238095238093 0.14390243902439015 nan
0.23407407407407405 0.22106442577030813 0.21782782782782784 0.30158730158730157 0.030090972708187613 nan
0.18125 0.2092997198879552 0.19024283717679943 0.31746031746031744 0.04813773717498249 nan
-------------------------第 6 组数据------------------------------------------
0.3161538461538461 0.27627149321266964 0.28642484886387326 0.31746031746031744 0.05543933054393313 nan
0.28996078431372546 0.23297737556561088 0.24764285714285714 0.31746031746031744 0.04813773717498249 nan
0.3535287081339713 0.31742986425339365 0.3185870866721931 0.3968253968253968 0.16817234190410013 nan
0.35087719298245607 0.2996561085972851 0.3163566163566164 0.3492063492063492 0.11722488038277512 nan
0.2752380952380952 0.28126696832579184 0.27070707070707073 0.3492063492063492 0.10374739764052743 nan
-------------------------第 7 组数据------------------------------------------
0.4354272778720996 0.3812187812187813 0.3843339050886221 0.4603174603174603 0.255733148019458 nan
0.3678929765886288 0.24734432234432235 0.26636405636405636 0.30158730158730157 0.05842391304347816 nan
0.4429487179487179 0.3176739926739927 0.30906349206349204 0.31746031746031744 0.08510638297872342 nan
0.3271428571428571 0.3372627372627373 0.3228465651995064 0.4126984126984127 0.19620689655172419 nan
0.41634408602150536 0.40188977688977695 0.3891217565778399 0.4444444444444444 0.24486301369863028 nan
-------------------------第 8 组数据------------------------------------------
0.21596638655462183 0.2477777777777778 0.2280564263322884 0.38095238095238093 0.10816696914700552 nan
0.20736242884250475 0.23666666666666664 0.22015873015873016 0.38095238095238093 0.09268833087149198 nan
0.23094916779127309 0.2477777777777778 0.23906029106029109 0.3968253968253968 0.13884892086330936 nan
0.19372549019607843 0.22311111111111112 0.20679172679172675 0.3492063492063492 0.053499450348112876 nan
0.2297412265154201 0.24222222222222226 0.23364285714285718 0.38095238095238093 0.11171366594360099 nan
-------------------------第 9 组数据------------------------------------------
0.19965811965811966 0.2298122929701877 0.20872841444270013 0.3492063492063492 0.0856637168141593 nan
0.16077441077441076 0.19050423260949575 0.17318840579710143 0.30158730158730157 0.0028776978417266452 nan
0.2593066211992043 0.2571144644828855 0.2523809523809524 0.31746031746031744 0.06327800829875518 nan
0.1962770562770563 0.23117408906882592 0.20878816642936243 0.36507936507936506 0.09677419354838712 nan
0.2450757575757576 0.24533676849466324 0.2326585695006748 0.3333333333333333 0.06567796610169496 nan

Process finished with exit code 0
