E:\python\python.exe G:/Download/MCB-Diff-Prop-2/MCB-64/src/multi-classifier/run_cla.py
分类器依次为：DT, KNN, SVM, LR, NB, RF, AdaBoost, GradientBoosting
-------------------------第 0 组数据------------------------------------------
0.4838095238095238 0.4907322654462242 0.47825048514703694 0.49206349206349204 0.25360977415771924 nan
0.1589655172413793 0.1685354691075515 0.16007719878687623 0.2698412698412698 -0.05305232558139528 nan
0.2713333333333333 0.2558924485125858 0.2567736446306699 0.3333333333333333 0.07579462102689483 nan
0.3536663336663336 0.4503146453089245 0.3756226053639847 0.42857142857142855 0.1695349688758695 nan
0.49194352159468435 0.48034897025171625 0.3666168935734153 0.42857142857142855 0.16248153618906946 nan
-------------------------第 1 组数据------------------------------------------
0.2743243243243243 0.3491341991341991 0.2993928676687297 0.47619047619047616 0.20980615735461805 nan
0.2631996658312448 0.32779220779220786 0.27935925654194177 0.3492063492063492 0.11206600206256456 nan
0.25595238095238093 0.2338961038961039 0.2348621553884712 0.36507936507936506 0.08529945553539031 nan
0.20338345864661656 0.29 0.23531870428422152 0.3968253968253968 0.08416220351951031 nan
0.3322128851540616 0.3891341991341991 0.33174603174603173 0.5238095238095238 0.2921348314606741 nan
-------------------------第 2 组数据------------------------------------------
0.36596491228070177 0.27757246376811595 0.293088948787062 0.3492063492063492 0.07980049875311723 nan
0.43321981424148603 0.3480072463768116 0.3704761904761905 0.3333333333333333 0.10030601836110165 nan
0.3047619047619048 0.2827898550724638 0.29227484176008545 0.3333333333333333 0.09165808444902168 nan
0.28113553113553114 0.3148188405797102 0.2871635610766045 0.38095238095238093 0.1559601511508072 nan
0.31433823529411764 0.3121014492753623 0.30548967940272287 0.3968253968253968 0.1489512975471028 nan
-------------------------第 3 组数据------------------------------------------
0.3384615384615385 0.3255952380952381 0.3245454545454545 0.4603174603174603 0.21595900439238647 nan
0.24823232323232322 0.25952380952380955 0.23796791443850268 0.31746031746031744 0.06746987951807226 nan
0.25017094017094016 0.3220238095238095 0.27363834422657957 0.30158730158730157 0.006451612903225601 nan
0.3946969696969697 0.406547619047619 0.39228571428571435 0.47619047619047616 0.25723472668810277 nan
0.5014005602240896 0.5208333333333333 0.49958697040664246 0.5555555555555556 0.33684210526315794 nan
-------------------------第 4 组数据------------------------------------------
0.29440559440559444 0.2503285486443381 0.25250169033130493 0.38095238095238093 0.09134615384615397 nan
0.45346078431372555 0.36142264752791065 0.3638770985112449 0.3333333333333333 0.0841121495327104 nan
0.29608465608465606 0.33145773524720895 0.30841958041958045 0.3492063492063492 0.08985200845665953 nan
0.3813844957220638 0.23685486443381182 0.24859704817599554 0.3492063492063492 0.05141388174807193 nan
0.3437908496732026 0.33180223285486443 0.32695371442607996 0.36507936507936506 0.09221902017291062 nan
-------------------------第 5 组数据------------------------------------------
0.36249999999999993 0.4619047619047619 0.3749614554424915 0.42857142857142855 0.2044896527534198 nan
0.3075661375661376 0.33619047619047626 0.30543554006968643 0.3333333333333333 0.0860103626943004 nan
0.23523809523809525 0.2676190476190476 0.24016745159602298 0.2857142857142857 0.015966678236723264 nan
0.37478991596638656 0.44952380952380955 0.392273010781431 0.3968253968253968 0.16205810290514522 nan
0.5768074031231926 0.4904761904761904 0.4337527666381785 0.3968253968253968 0.18153846153846143 nan
-------------------------第 6 组数据------------------------------------------
0.6034722222222222 0.40777777777777774 0.42396336996337 0.47619047619047616 0.27937608318890805 nan
0.1948529411764706 0.21222222222222223 0.2005240373661426 0.2698412698412698 0.020283975659229236 nan
0.4027272727272727 0.42793650793650795 0.39667167130890374 0.3968253968253968 0.2229795520934762 nan
0.4765964912280702 0.4098412698412698 0.4280831571529246 0.4603174603174603 0.2696897374701671 nan
0.4214226475279107 0.40174603174603174 0.4030082256169213 0.42857142857142855 0.22435020519835835 nan
-------------------------第 7 组数据------------------------------------------
0.264 0.25537525354969576 0.25267467508767477 0.42857142857142855 0.15024353690520786 nan
0.5502164502164502 0.5472870182555781 0.547513440860215 0.4444444444444444 0.12914691943127965 nan
0.2642857142857143 0.402789046653144 0.26383038210624415 0.3492063492063492 0.08176324209029495 nan
0.4103589743589744 0.4870943204868154 0.4282682682682683 0.5079365079365079 0.2726256983240224 nan
0.36017628205128205 0.49800329614604466 0.3988837382779199 0.3968253968253968 0.03389830508474567 nan
-------------------------第 8 组数据------------------------------------------
0.575952380952381 0.41228183581124755 0.4299507389162562 0.36507936507936506 0.1537944929482875 nan
0.5205882352941177 0.36644401350283706 0.38477405635300366 0.38095238095238093 0.1614334470989761 nan
0.20022946859903384 0.17803634274222507 0.1822180118731843 0.2222222222222222 -0.048573369565217295 nan
0.5346907993966817 0.3687710981828629 0.38237433155080214 0.31746031746031744 0.07794417971409118 nan
0.6024675324675324 0.4181857358327946 0.4320551378446115 0.38095238095238093 0.17161159811193516 nan
-------------------------第 9 组数据------------------------------------------
0.3936017316017316 0.3685714285714285 0.365585820330253 0.4444444444444444 0.2257724719101123 nan
0.5091652661064426 0.38666666666666666 0.38765970939883987 0.4444444444444444 0.23570190641247823 nan
0.3219486215538847 0.3852380952380952 0.3405363984674329 0.3492063492063492 0.1352527619685303 nan
0.2583333333333333 0.2866666666666667 0.2708003108003108 0.4444444444444444 0.21418389166072693 nan
0.3055429864253394 0.3238095238095238 0.3015873015873017 0.38095238095238093 0.13819712381620486 nan

Process finished with exit code 0
