E:\python\python.exe G:/Download/MCB-Diff-Prop-2/MCB-91/src/multi-classifier/run_cla.py
分类器依次为：DT, KNN, SVM, LR, NB, RF, AdaBoost, GradientBoosting
-------------------------第 0 组数据------------------------------------------
0.40625610948191593 0.3630769230769231 0.37667866937816 0.47619047619047616 0.24945848375451252 nan
0.44167832167832166 0.30538461538461537 0.30213726985836287 0.4444444444444444 0.2189160467587673 nan
0.35 0.22019230769230766 0.23925925925925928 0.3333333333333333 0.05601141633963613 nan
0.3647893772893772 0.34288461538461534 0.35050366300366304 0.4444444444444444 0.22522839072382284 nan
0.512406015037594 0.42301282051282046 0.4394580909286792 0.5079365079365079 0.27853712596970814 nan
-------------------------第 1 组数据------------------------------------------
0.33652173913043476 0.3352995391705069 0.3303503503503504 0.3968253968253968 0.11497227356746764 nan
0.22029411764705883 0.22248847926267282 0.21717914438502675 0.38095238095238093 0.0855973204317082 nan
0.25530303030303025 0.25010752688172044 0.2461279461279461 0.4126984126984127 0.14615384615384608 nan
0.3198717948717949 0.3150844854070661 0.31159261790840737 0.38095238095238093 0.08661710037174719 nan
0.18683473389355743 0.20089093701996927 0.18695970695970696 0.38095238095238093 0.028085443037974667 nan
-------------------------第 2 组数据------------------------------------------
0.37 0.3389992360580596 0.3458356536017705 0.49206349206349204 0.24776119402985086 nan
0.19213071895424835 0.2050802139037433 0.18666666666666668 0.2857142857142857 0.022750775594622574 nan
0.22582417582417583 0.23437738731856378 0.22455170136811042 0.36507936507936506 0.09742120343839544 nan
0.2853448275862069 0.2894194041252865 0.28718188752513696 0.4126984126984127 0.1464664957890882 nan
0.37290745290745286 0.3433155080213904 0.347989787989788 0.5079365079365079 0.2557164634146343 nan
-------------------------第 3 组数据------------------------------------------
0.5368107769423559 0.4822077922077922 0.48696741854636594 0.5396825396825397 0.3387622149837133 nan
0.3542124542124542 0.3233766233766234 0.3328968903436989 0.42857142857142855 0.20084566596194509 nan
0.225 0.22896103896103898 0.22568634381995994 0.30158730158730157 0.017369727047146455 nan
0.38995098039215687 0.3601298701298701 0.36458089668615984 0.42857142857142855 0.18651362984218078 nan
0.4196428571428571 0.4572727272727272 0.4286280566280567 0.4444444444444444 0.2327766179540709 nan
-------------------------第 4 组数据------------------------------------------
0.21138461538461537 0.22275847722071979 0.21356245380635624 0.3492063492063492 0.11053719008264462 nan
0.2181578947368421 0.2560016642396505 0.22687882496940026 0.3333333333333333 0.10000000000000009 nan
0.2814814814814815 0.23210793782876166 0.23356284205626973 0.3333333333333333 0.07482517482517492 nan
0.3169401709401709 0.30930092028490197 0.30094921338823777 0.36507936507936506 0.1322314049586777 nan
0.3333333333333333 0.3064459567892062 0.28901617250673856 0.4126984126984127 0.21143437077131266 nan
-------------------------第 5 组数据------------------------------------------
0.3140659340659341 0.3192997198879552 0.3099462365591398 0.4126984126984127 0.1986937091784119 nan
0.23362745098039212 0.24563025210084036 0.2375 0.3333333333333333 0.09476565172767693 nan
0.38885281385281384 0.41577030812324933 0.37244253331209853 0.38095238095238093 0.19124423963133652 nan
0.32805194805194804 0.3292997198879552 0.3163445749652646 0.42857142857142855 0.21603871413757347 nan
0.34835164835164834 0.3359103641456583 0.3164635364635365 0.4126984126984127 0.2047082906857728 nan
-------------------------第 6 组数据------------------------------------------
0.3253694581280788 0.2963875598086124 0.2765384615384615 0.38095238095238093 0.16028708133971292 nan
0.346 0.31313397129186604 0.3006293706293706 0.4126984126984127 0.20006863417982157 nan
0.21182905982905983 0.20110047846889953 0.20074794770446944 0.25396825396825395 -0.014041095890410915 nan
0.18359728506787332 0.21875598086124404 0.1935282651072125 0.2857142857142857 0.03076923076923077 nan
0.30105580693815986 0.2883492822966507 0.26424509657692596 0.38095238095238093 0.16343207354443312 nan
-------------------------第 7 组数据------------------------------------------
0.30666666666666664 0.30948717948717946 0.2985231193926846 0.4444444444444444 0.21278114958943228 nan
0.3802380952380952 0.3007692307692308 0.32218938149972637 0.3333333333333333 0.09476565172767693 nan
0.2931197559115179 0.28564102564102567 0.28490076881816556 0.36507936507936506 0.1322314049586777 nan
0.23302681992337168 0.2782051282051282 0.2535979743526914 0.42857142857142855 0.1905781584582441 nan
0.5842411642411642 0.3773076923076923 0.40274751383090657 0.49206349206349204 0.2639649507119387 nan
-------------------------第 8 组数据------------------------------------------
0.24631401736664893 0.26 0.2456105022654223 0.31746031746031744 0.050140252454418 nan
0.17678571428571427 0.1893939393939394 0.18067632850241547 0.2857142857142857 -0.012499999999999956 nan
0.2861737677527151 0.31030303030303025 0.2898180314309347 0.30158730158730157 0.051659254190899784 nan
0.23567226890756304 0.28181818181818186 0.25031969309462915 0.2698412698412698 -0.005551700208188848 nan
0.3402534562211982 0.38 0.32308620799186843 0.3333333333333333 0.09631147540983598 nan
-------------------------第 9 组数据------------------------------------------
0.4222222222222222 0.36878023936847465 0.37767779390420897 0.5079365079365079 0.28774617067833685 nan
0.41607142857142854 0.4229373567608862 0.41696646341463417 0.5396825396825397 0.3177744585511576 nan
0.3067260628059176 0.29034886681945504 0.29337049941927995 0.38095238095238093 0.10524399126001449 nan
0.36698924731182797 0.3171122994652406 0.3146187146187146 0.42857142857142855 0.18534482758620685 nan
0.3414035087719298 0.385510567863509 0.3306877444589309 0.4444444444444444 0.20768954365792314 nan

Process finished with exit code 0
