E:\python\python.exe G:/Download/MCB-Diff-Prop-2/MCB-64/src/multi-classifier/run_cla.py
分类器依次为：DT, KNN, SVM, LR, NB, RF, AdaBoost, GradientBoosting
-------------------------第 0 组数据------------------------------------------
0.2504652435686919 0.30588235294117644 0.2698353448633404 0.3492063492063492 0.11298076923076916 nan
0.25296052631578947 0.3052287581699346 0.2648009768009768 0.3492063492063492 0.1135895676046671 nan
0.373006993006993 0.48011204481792724 0.3225223098547082 0.31746031746031744 0.17909090909090908 nan
0.27099078341013827 0.31027077497665734 0.27305009276437847 0.3333333333333333 0.10909090909090902 nan
0.4486868686868687 0.36647992530345463 0.37340996168582374 0.4126984126984127 0.19759036144578324 nan
0.46072727272727276 0.3449112978524743 0.3232657523355198 0.38095238095238093 0.1693711967545639 nan
0.05714285714285714 0.2 0.08888888888888889 0.2857142857142857 0.0 nan
0.1610169491525424 0.2235294117647059 0.13160173160173158 0.31746031746031744 0.045790771398379726 nan
0.21177156177156178 0.29215686274509806 0.2301075268817204 0.3333333333333333 0.08537849982716905 nan
0.34679738562091506 0.33314659197012136 0.3064270152505446 0.36507936507936506 0.14547304170905395 nan
-------------------------第 1 组数据------------------------------------------
0.46035087719298246 0.43619047619047613 0.43884057971014495 0.4444444444444444 0.22712933753943232 nan
0.4358695652173913 0.29952380952380947 0.30484848484848487 0.4126984126984127 0.15726681127982634 nan
0.2569230769230769 0.409047619047619 0.1943833943833944 0.19047619047619047 0.09797866367209429 nan
0.47757575757575754 0.3419047619047619 0.34743815513626836 0.38095238095238093 0.13057324840764328 nan
0.43285714285714283 0.3123809523809523 0.3101731601731602 0.3492063492063492 0.08921015514809594 nan
0.4492982456140351 0.3171428571428571 0.32198343685300207 0.3492063492063492 0.08631057658295016 nan
0.06349206349206349 0.2 0.0963855421686747 0.31746031746031744 0.0 nan
0.16557377049180327 0.20952380952380953 0.1161567364465915 0.3333333333333333 0.022534170668636833 nan
0.1619047619047619 0.2261904761904762 0.18528138528138527 0.36507936507936506 0.08728721477725454 nan
0.36030651340996167 0.35 0.33558346415489276 0.31746031746031744 0.04914004914004899 nan
-------------------------第 2 组数据------------------------------------------
0.33866666666666667 0.32516666666666666 0.31460279984260053 0.4126984126984127 0.15174672489082974 nan
0.35698924731182796 0.31616666666666665 0.3145454545454546 0.4126984126984127 0.1392171344165435 nan
0.22999999999999998 0.5035000000000001 0.21257865275856277 0.23809523809523808 0.11553085697572385 nan
0.21974481658692185 0.26266666666666666 0.23094043887147336 0.3333333333333333 0.030414071088310735 nan
0.28057724957555175 0.26266666666666666 0.26505494505494503 0.3333333333333333 0.027563395810363822 nan
0.48472686733556286 0.36333333333333334 0.3872236958443855 0.38095238095238093 0.12437633642195312 nan
0.07936507936507936 0.2 0.11363636363636365 0.3968253968253968 0.0 nan
0.11586206896551725 0.1885 0.1250717154331612 0.36507936507936506 -0.03321033210332103 nan
0.3134920634920635 0.30366666666666664 0.2684656553509012 0.3968253968253968 0.10970621048717 nan
0.22587301587301586 0.25916666666666666 0.23524947589098533 0.31746031746031744 0.027987082884822323 nan
-------------------------第 3 组数据------------------------------------------
0.4688311688311687 0.3403263403263403 0.3585185185185185 0.42857142857142855 0.18063583815028905 nan
0.4755844155844156 0.38073038073038074 0.38710010319917443 0.49206349206349204 0.2708860759493672 nan
0.24355555555555553 0.2399156399156399 0.15855820105820104 0.15873015873015872 0.010666666666666602 nan
0.48521008403361343 0.4362859362859363 0.4425062656641604 0.49206349206349204 0.27377521613832856 nan
0.1783277591973244 0.20372960372960375 0.18979681449842323 0.30158730158730157 0.019108280254776955 nan
0.18172932330827068 0.2128205128205128 0.1957220077220077 0.31746031746031744 0.035599857600569496 nan
0.06984126984126984 0.2 0.10352941176470587 0.3492063492063492 0.0 nan
0.15586206896551724 0.22222222222222224 0.14478260869565215 0.38095238095238093 0.05608912792931231 nan
0.33499999999999996 0.21134421134421136 0.18612660683967983 0.3333333333333333 0.022172949002217224 nan
0.2200735294117647 0.2352758352758353 0.2230043708304578 0.3492063492063492 0.08045567817728716 nan
-------------------------第 4 组数据------------------------------------------
0.3812741312741313 0.3818783068783069 0.34577493749907545 0.47619047619047616 0.26640790402258285 nan
0.37659987071751777 0.3744708994708995 0.3512121212121212 0.4603174603174603 0.23880597014925387 nan
0.1461818181818182 0.24047619047619045 0.16549256677564617 0.23809523809523808 0.08113035551504111 nan
0.3233065953654189 0.3575396825396825 0.31620984278879016 0.42857142857142855 0.20643806857942604 nan
0.2887675070028011 0.3119047619047619 0.2927227288078352 0.36507936507936506 0.11016949152542366 nan
0.362962962962963 0.3404761904761905 0.34261904761904766 0.4126984126984127 0.16720257234726688 nan
0.06666666666666667 0.2 0.1 0.3333333333333333 0.0 nan
0.06666666666666667 0.2 0.1 0.3333333333333333 0.0 nan
0.15644820295983086 0.20105820105820102 0.15460526315789475 0.3492063492063492 0.0521100917431192 nan
0.3173611111111111 0.3595238095238095 0.32398730093178124 0.4444444444444444 0.2036836403033585 nan
-------------------------第 5 组数据------------------------------------------
0.4289189189189189 0.36415770609319 0.3685143288084464 0.49206349206349204 0.2056737588652482 nan
0.21406926406926408 0.267921146953405 0.23515384615384619 0.42857142857142855 0.1389521640091116 nan
0.22416666666666663 0.3125192012288786 0.20386991869918697 0.23809523809523808 0.06781750924784224 nan
0.40969251336898405 0.34569892473118274 0.35926739926739926 0.4444444444444444 0.1571100917431193 nan
0.571853257432005 0.3048131080389145 0.3515892437805675 0.38095238095238093 0.08252427184466016 nan
0.576633892423366 0.3048131080389145 0.3524367789430666 0.38095238095238093 0.10262965668371082 nan
0.09841269841269841 0.2 0.13191489361702127 0.49206349206349204 0.0 nan
0.09836065573770492 0.1935483870967742 0.13043478260869562 0.47619047619047616 -0.012171372930866564 nan
0.23444782168186423 0.2621863799283154 0.24047619047619045 0.49206349206349204 0.13882956001708668 nan
0.5555793226381461 0.28438300051203275 0.33447293447293447 0.38095238095238093 0.06149732620320858 nan
-------------------------第 6 组数据------------------------------------------
0.3214414414414414 0.34808441558441555 0.3236630036630037 0.4444444444444444 0.17105263157894723 nan
0.36714285714285716 0.37665584415584413 0.35755742296918763 0.5079365079365079 0.24739884393063583 nan
0.29512265512265506 0.446038961038961 0.24711262421788738 0.25396825396825395 0.11848764513247989 nan
0.40683760683760684 0.394512987012987 0.3809497964721845 0.5238095238095238 0.28490351872871733 nan
0.47229437229437227 0.34010822510822514 0.3504949258391882 0.42857142857142855 0.1553072625698324 nan
0.5575806451612904 0.4564718614718615 0.4684716789801536 0.49206349206349204 0.26342710997442453 nan
0.08888888888888888 0.2 0.12307692307692306 0.4444444444444444 0.0 nan
0.15666666666666668 0.21103896103896105 0.15129870129870132 0.4444444444444444 0.022606382978723416 nan
0.38095238095238093 0.41301948051948045 0.37163422389967016 0.5396825396825397 0.29268292682926833 nan
0.5153205128205128 0.3672186147186147 0.3816078338466398 0.47619047619047616 0.20283742331288335 nan
-------------------------第 7 组数据------------------------------------------
0.18484673221515324 0.20733333333333331 0.1876399462606359 0.36507936507936506 0.06319702602230481 nan
0.3256410256410256 0.30433333333333334 0.30727211723705 0.4444444444444444 0.18754605747973463 nan
0.1734126984126984 0.2573333333333333 0.1504003243133678 0.19047619047619047 0.04828199052132709 nan
0.2823232323232323 0.2535 0.2556292559899117 0.38095238095238093 0.10230179028132991 nan
0.24998491704374057 0.26066666666666666 0.24850742477861115 0.3968253968253968 0.12435991221653242 nan
0.25989247311827957 0.2705 0.2632462877624168 0.3968253968253968 0.12913786831575125 nan
0.07936507936507936 0.2 0.11363636363636365 0.3968253968253968 0.0 nan
0.07936507936507936 0.2 0.11363636363636365 0.3968253968253968 0.0 nan
0.2068027210884354 0.22400000000000003 0.1972972972972973 0.31746031746031744 -0.04675425038639891 nan
0.2614309346567411 0.2713333333333333 0.26427294289363257 0.36507936507936506 0.09254591285559965 nan
-------------------------第 8 组数据------------------------------------------
0.20714285714285713 0.20239234449760762 0.20139629227793768 0.38095238095238093 0.05499999999999994 nan
0.18533333333333335 0.20912280701754388 0.19161410018552874 0.3968253968253968 0.07887649095806082 nan
0.19047619047619047 0.24870813397129185 0.08941081906599149 0.09523809523809523 -0.01670441676104195 nan
0.27292753623188404 0.25594896331738437 0.2620779220779221 0.4444444444444444 0.17539267015706805 nan
0.18 0.1784688995215311 0.1791208791208791 0.3333333333333333 -0.027972027972028135 nan
0.32997817123453793 0.31285486443381183 0.3190777490173521 0.4126984126984127 0.10104126494408017 nan
0.09523809523809523 0.2 0.12903225806451613 0.47619047619047616 0.0 nan
0.09523809523809523 0.2 0.12903225806451613 0.47619047619047616 0.0 nan
0.47078431372549023 0.3490590111642743 0.37650793650793646 0.5079365079365079 0.1892901618929017 nan
0.42777777777777776 0.3194577352472089 0.34957651044607563 0.42857142857142855 0.120589375727026 nan
-------------------------第 9 组数据------------------------------------------
0.2656862745098039 0.2608095238095238 0.2561482740909976 0.3492063492063492 0.06038559476173144 nan
0.3528711484593837 0.29559523809523813 0.30340501792114694 0.3968253968253968 0.11660516605166049 nan
0.22361751152073733 0.4001904761904762 0.18901515151515152 0.19047619047619047 0.08409350057012543 nan
0.415158371040724 0.4164285714285715 0.4091023226616447 0.4126984126984127 0.15817984832069332 nan
0.46974358974358976 0.4426190476190476 0.44947322689258173 0.49206349206349204 0.2735135135135136 nan
0.43590645913226556 0.4410952380952381 0.42997594997594996 0.47619047619047616 0.25749999999999995 nan
0.07936507936507936 0.2 0.11363636363636365 0.3968253968253968 0.0 nan
0.16620689655172413 0.22857142857142856 0.16258719086873813 0.42857142857142855 0.07390771743568803 nan
0.24372093023255817 0.2678095238095238 0.24527629233511586 0.38095238095238093 0.07562076749435664 nan
0.48611111111111105 0.43216666666666664 0.4386695906432749 0.4603174603174603 0.22587640043368262 nan

Process finished with exit code 0
