E:\python\python.exe G:/Download/MCB-Diff-Prop-2/MCB-82/src/multi-classifier/run_cla.py
分类器依次为：DT, KNN, SVM, LR, NB, RF, AdaBoost, GradientBoosting
-------------------------第 0 组数据------------------------------------------
0.1748541313758705 0.1657754010695187 0.14413364413364413 0.2857142857142857 0.0887174541947926 0.3698830409356725
0.23579545454545456 0.1497326203208556 0.15769944341372913 0.23809523809523808 0.059409020217729425 0.5321637426900585
0.1286440831895377 0.18894830659536543 0.1194592988710636 0.20634920634920634 0.11838790931989929 0.7777777777777779
0.21510673234811167 0.16806722689075632 0.1712070538157495 0.2698412698412698 0.12048558421851296 0.611111111111111
0.299512987012987 0.2745098039215686 0.2668813771754948 0.25396825396825395 0.12136498516320471 0.32748538011695905
0.3142791551882461 0.2647058823529412 0.2702630702630703 0.25396825396825395 0.11822513400833834 0.6067251461988304
0.02453102453102453 0.09090909090909091 0.038636363636363635 0.2698412698412698 0.0 0.5
0.11624441132637854 0.1212121212121212 0.08508158508158509 0.30158730158730157 0.050684931506849384 0.3333333333333333
0.16180290297937355 0.16711229946524064 0.1565519447872389 0.23809523809523808 0.07153822536076138 0.5277777777777778
0.20627705627705628 0.21721415839062894 0.20301226551226553 0.25396825396825395 0.1377402446126964 0.42397660818713456
-------------------------第 1 组数据------------------------------------------
0.0363265306122449 0.09772727272727273 0.04888888888888889 0.14285714285714285 -0.009196084247997671 0.4703389830508474
0.08946608946608946 0.14586776859504133 0.09115135884961804 0.15873015873015872 0.032734646581691895 0.2266949152542373
0.1287635715443202 0.11432506887052342 0.08780663780663779 0.07936507936507936 -0.016694490818029983 0.7033898305084746
0.066017316017316 0.09283746556473829 0.06569586020386936 0.12698412698412698 -0.006974716652135893 0.31144067796610164
0.22575396825396826 0.1893939393939394 0.181784991324465 0.19047619047619047 0.07004341534008696 0.4745762711864407
0.2713660670879922 0.2236914600550964 0.21688311688311684 0.23809523809523808 0.13747860810039936 0.288135593220339
0.01746031746031746 0.1 0.029729729729729724 0.1746031746031746 0.0 0.5
0.04194915254237288 0.11590909090909092 0.05357142857142857 0.1746031746031746 0.008474576271186418 0.4004237288135593
0.10864745011086474 0.12369146005509642 0.09723609723609726 0.19047619047619047 0.04856381403612686 0.3728813559322034
0.16313131313131313 0.13292011019283748 0.12622377622377623 0.14285714285714285 0.040609137055837574 0.31991525423728817
-------------------------第 2 组数据------------------------------------------
0.11544486215538848 0.1138047138047138 0.10509382061106198 0.3492063492063492 0.15004935834155975 0.30244755244755245
0.20634920634920637 0.29638047138047136 0.23516414141414144 0.30158730158730157 0.14497223935842063 0.2692307692307693
0.1686868686868687 0.19015151515151518 0.1207264957264957 0.1111111111111111 0.05466237942122176 0.6914335664335665
0.1417124542124542 0.18463804713804713 0.15270626748029495 0.25396825396825395 0.07757009345794386 0.256993006993007
0.16560150375939847 0.284469696969697 0.19124949124949128 0.2222222222222222 0.08234244946492264 0.2779720279720279
0.18055555555555555 0.2888047138047138 0.20115131578947368 0.20634920634920634 0.09378596087456836 0.3715034965034965
0.026455026455026454 0.08333333333333333 0.040160642570281124 0.31746031746031744 0.0 0.5
0.11021505376344086 0.0909090909090909 0.054539295392953935 0.3333333333333333 0.026490066225165476 0.45454545454545453
0.16448412698412698 0.2206168831168831 0.17337962962962963 0.30158730158730157 0.14365152919369784 0.4125874125874126
0.12748316498316498 0.17987614237614238 0.1318783068783069 0.20634920634920634 0.07161803713527848 0.284965034965035
-------------------------第 3 组数据------------------------------------------
0.12626262626262627 0.16915584415584414 0.137186343068696 0.3333333333333333 0.17826086956521736 0.43068181818181817
0.20475589225589222 0.2033234126984127 0.19369195046439627 0.30158730158730157 0.17105263157894746 0.38181818181818183
0.14848484848484847 0.10151515151515152 0.076824185915095 0.09523809523809523 0.043420351624933406 0.6284090909090909
0.24749999999999997 0.3113095238095238 0.2483933410762679 0.3333333333333333 0.2141372141372141 0.5363636363636364
0.25729166666666664 0.1789186507936508 0.20237312030075186 0.2698412698412698 0.16411883472742994 0.5136363636363637
0.23287037037037037 0.1966269841269841 0.20102513227513227 0.25396825396825395 0.16497461928933999 0.4181818181818182
0.025396825396825397 0.1 0.04050632911392405 0.25396825396825395 0.0 0.5
0.07622950819672132 0.1125 0.061558441558441555 0.2698412698412698 0.0265367819952973 0.4465909090909091
0.2056818181818182 0.1949134199134199 0.1826457855869621 0.30158730158730157 0.1509954058192955 0.32613636363636367
0.24567099567099568 0.2753787878787879 0.2148851148851149 0.25396825396825395 0.16095211107962593 0.3318181818181818
-------------------------第 4 组数据------------------------------------------
0.29259702286018074 0.18593073593073592 0.19510151684064725 0.3333333333333333 0.16133122028526148 0.4970845481049563
0.26931216931216934 0.2190972222222222 0.22477057574843748 0.3492063492063492 0.21225983531564496 0.5160349854227405
0.14195210247841827 0.12475198412698413 0.07828674948240165 0.12698412698412698 0.06224627875507438 0.5517492711370262
0.2791005291005291 0.24925595238095236 0.22822793148880108 0.30158730158730157 0.15667782172193478 0.5743440233236152
0.30233134920634924 0.266765873015873 0.2724867724867725 0.23809523809523808 0.12169619517862318 0.6100583090379008
0.29303804855275445 0.28834325396825394 0.2681397306397307 0.30158730158730157 0.19418604651162796 0.6246355685131195
0.023088023088023088 0.09090909090909091 0.03682393555811277 0.25396825396825395 0.0 0.5
0.04169278996865204 0.09172077922077922 0.04642441484546747 0.25396825396825395 0.0033658700774149564 0.5051020408163265
0.24455492424242423 0.15729166666666666 0.15984753550543024 0.30158730158730157 0.15255273616631004 0.47667638483965014
0.1886039886039886 0.17400793650793647 0.17159961685823755 0.23809523809523808 0.11656441717791399 0.6013119533527698
-------------------------第 5 组数据------------------------------------------
0.12777777777777777 0.13518518518518519 0.10944026733500418 0.2698412698412698 0.07589285714285698 0.39406779661016944
0.19316239316239317 0.2165343915343915 0.19351604278074866 0.25396825396825395 0.10245528948166116 0.3538135593220339
0.29097222222222224 0.4398148148148148 0.287962962962963 0.2698412698412698 0.18868980963045912 0.7923728813559322
0.2127450980392157 0.18888888888888888 0.18032661782661782 0.2857142857142857 0.11516853932584259 0.31991525423728817
0.38956679894179896 0.33756613756613757 0.337984360410831 0.30158730158730157 0.19042056074766345 0.5254237288135593
0.33471355714002776 0.30284391534391536 0.30787037037037035 0.2698412698412698 0.15089364195722244 0.7033898305084746
0.023809523809523808 0.08333333333333333 0.03703703703703704 0.2857142857142857 0.0 0.5
0.044753086419753084 0.12037037037037036 0.06499287749287748 0.30158730158730157 0.06382978723404253 0.3093220338983051
0.2172222222222222 0.2628306878306878 0.21902454780361758 0.2857142857142857 0.14967006598680266 0.38983050847457623
0.32242063492063483 0.3121031746031746 0.29342116217116215 0.2857142857142857 0.181109185441941 0.3453389830508474
-------------------------第 6 组数据------------------------------------------
0.22662601626016263 0.2311868686868687 0.15665112665112665 0.2857142857142857 0.17274584184417863 0.26037735849056604
0.14351851851851852 0.21388888888888888 0.15575396825396826 0.23809523809523808 0.12041884816753923 0.27358490566037735
0.08565062388591801 0.19191919191919193 0.08387141285396281 0.1111111111111111 0.0531400966183575 0.7113207547169811
0.13547008547008546 0.2122053872053872 0.15674603174603177 0.23809523809523808 0.1175955646337905 0.36698113207547167
0.1494047619047619 0.17777777777777778 0.15991814698711249 0.1746031746031746 0.049056603773584895 0.26603773584905654
0.21031746031746032 0.3108164983164983 0.23375420875420874 0.2698412698412698 0.16556291390728484 0.23867924528301884
0.012987012987012986 0.09090909090909091 0.022727272727272728 0.14285714285714285 0.0 0.5
0.059322033898305086 0.10909090909090909 0.05003819709702063 0.1746031746031746 0.03590347263095939 0.4188679245283019
0.1675347222222222 0.2800925925925926 0.18308491418247516 0.23809523809523808 0.13203214695752008 0.3113207547169811
0.1300925925925926 0.27037037037037037 0.16735930735930735 0.20634920634920634 0.10051399200456868 0.35
-------------------------第 7 组数据------------------------------------------
0.09259259259259257 0.14362745098039217 0.10796907523044902 0.30158730158730157 0.11011235955056176 0.38113207547169814
0.16098137973137974 0.22953431372549019 0.18598548264507966 0.3333333333333333 0.197452229299363 0.3783018867924528
0.23148148148148148 0.3467320261437909 0.21036324786324787 0.19047619047619047 0.1148760330578511 0.6179245283018868
0.190347923681257 0.2310049019607843 0.19278083028083026 0.3492063492063492 0.20985010706638108 0.4207547169811321
0.35613134142545905 0.3321895424836601 0.30317415427709543 0.2857142857142857 0.17395104895104896 0.5415094339622641
0.3994047619047619 0.4252450980392157 0.3640422077922078 0.36507936507936506 0.26594815030585484 0.5066037735849056
0.022486772486772486 0.08333333333333333 0.035416666666666666 0.2698412698412698 0.0 0.5
0.05775862068965517 0.09999999999999999 0.06 0.30158730158730157 0.054892601431980936 0.42830188679245285
0.4282293377120963 0.35191993464052285 0.3324850471589602 0.4126984126984127 0.28276923076923066 0.3160377358490566
0.30158730158730157 0.2724673202614379 0.27428085653892104 0.30158730158730157 0.19348268839103855 0.5575471698113207
-------------------------第 8 组数据------------------------------------------
0.23781223083548664 0.18855218855218855 0.16501322751322753 0.25396825396825395 0.12318625999407751 0.2880658436213992
0.2835648148148148 0.2748917748917749 0.23287322034757052 0.2698412698412698 0.15755813953488385 0.4526748971193415
0.2304038554038554 0.4271885521885521 0.2270259272890852 0.2222222222222222 0.15517241379310343 0.6306584362139919
0.24474206349206348 0.2828282828282828 0.22469257795344752 0.2698412698412698 0.15657741559953442 0.40946502057613166
0.30632215007215 0.29782948532948533 0.256491193991194 0.2222222222222222 0.11471178663607673 0.3734567901234568
0.19375 0.25180375180375175 0.1792794895736072 0.23809523809523808 0.1315336013785181 0.3436213991769548
0.01455026455026455 0.08333333333333333 0.02477477477477477 0.1746031746031746 0.0 0.5
0.05720338983050847 0.10185185185185186 0.051831501831501835 0.20634920634920634 0.0408038976857491 0.40740740740740744
0.3248337623337623 0.2996632996632997 0.23839285714285716 0.31746031746031744 0.2067349926793558 0.39609053497942387
0.18782096171802054 0.19898388648388646 0.16785714285714284 0.1746031746031746 0.058891123240448096 0.2654320987654321
-------------------------第 9 组数据------------------------------------------
0.19861111111111113 0.18263888888888888 0.16452991452991456 0.2857142857142857 0.11682242990654201 0.3487654320987654
0.3609109730848861 0.22763888888888886 0.24578047683310839 0.25396825396825395 0.11717352415026827 0.41358024691358025
0.21818181818181817 0.13106060606060607 0.16013986013986015 0.19047619047619047 0.12044894607172196 0.5977366255144032
0.27170250896057346 0.2513888888888889 0.24128335021952046 0.30158730158730157 0.15073529411764697 0.39197530864197533
0.22999999999999998 0.1975 0.2096850861556744 0.2698412698412698 0.1307738452309537 0.40843621399176955
0.21408730158730158 0.18032407407407405 0.19212962962962962 0.25396825396825395 0.12370523823616453 0.5792181069958847
0.025396825396825397 0.1 0.04050632911392405 0.25396825396825395 0.0 0.5
0.09333333333333334 0.12222222222222223 0.07543859649122807 0.2857142857142857 0.04929577464788737 0.39814814814814814
0.13425925925925927 0.11412037037037037 0.10789700495582848 0.25396825396825395 0.08356545961002781 0.45781893004115226
0.23625251753593998 0.19330808080808082 0.20469303423848875 0.2698412698412698 0.14588859416445632 0.43621399176954734

Process finished with exit code 0
