E:\python\python.exe G:/Download/MCB-Diff-Prop-2/MCB-64/src/multi-classifier/run_cla.py
分类器依次为：DT, KNN, SVM, LR, NB, RF, AdaBoost, GradientBoosting
-------------------------第 0 组数据------------------------------------------
0.25 0.1493978243978244 0.13740963980198428 0.2698412698412698 0.10967741935483866 0.43295454545454537
0.27343749999999994 0.2201923076923077 0.21874999999999997 0.31746031746031744 0.18329816098884522 0.41704545454545455
0.3125 0.20140669515669515 0.18936779806345025 0.14285714285714285 0.07251908396946571 0.7181818181818181
0.27599206349206346 0.22900641025641025 0.21131643513718987 0.3492063492063492 0.21679805942995745 0.3931818181818182
0.1519496204278813 0.16616809116809114 0.1499512670565302 0.23809523809523808 0.11553085697572385 0.48295454545454547
0.20819504569504568 0.16448458948458947 0.16198361823361823 0.23809523809523808 0.11163337250293781 0.5272727272727273
0.018759018759018756 0.09090909090909091 0.03110047846889952 0.20634920634920634 0.0 0.5
0.11028315946348734 0.11363636363636363 0.0683046683046683 0.23809523809523808 0.0430379746835442 0.375
0.2102311939268461 0.17414529914529916 0.15403719397363466 0.30158730158730157 0.15047502298498316 0.38977272727272727
0.19671052631578947 0.14693732193732192 0.14809941520467837 0.19047619047619047 0.07138728323699417 0.5625
-------------------------第 1 组数据------------------------------------------
0.28539944903581266 0.22114325068870525 0.23509341535657324 0.31746031746031744 0.11787691305763592 0.5734265734265734
0.26177156177156174 0.2075068870523416 0.21777803882546964 0.2698412698412698 0.09437499999999988 0.4851398601398601
0.10870893812070283 0.14159779614325066 0.1076925856337621 0.15873015873015872 0.037197231833909994 0.6538461538461539
0.23503507986266606 0.2484159779614325 0.2319573283858998 0.2698412698412698 0.09039548022598864 0.5026223776223776
0.16226551226551225 0.1528925619834711 0.15267659170098194 0.2698412698412698 0.13181545835829822 0.4405594405594406
0.211244019138756 0.19449035812672175 0.1961788211788212 0.2698412698412698 0.1418418714835652 0.4388111888111888
0.02886002886002886 0.09090909090909091 0.04381161007667032 0.31746031746031744 0.0 0.5
0.029325513196480937 0.09090909090909091 0.044345898004434586 0.31746031746031744 0.0033112582781456013 0.5096153846153846
0.16622103386809267 0.2 0.1728956228956229 0.30158730158730157 0.11125360692529651 0.583041958041958
0.1534090909090909 0.21122589531680439 0.165880902723008 0.2222222222222222 0.0960468521229868 0.44055944055944063
-------------------------第 2 组数据------------------------------------------
0.15551948051948053 0.15476190476190477 0.11226176420981616 0.20634920634920634 0.08695652173913038 0.4375
0.26313131313131316 0.2124819624819625 0.20528007346189164 0.2222222222222222 0.11420373027259678 0.5829081632653061
0.28565416065416066 0.2832010582010582 0.2067113442113442 0.23809523809523808 0.16968698517298186 0.6301020408163265
0.2029040404040404 0.2380952380952381 0.20522891742403937 0.23809523809523808 0.1387069211050983 0.4451530612244898
0.3050207961972668 0.24682539682539684 0.2378182423636969 0.23809523809523808 0.14164064717570257 0.5331632653061225
0.31313131313131315 0.23584656084656083 0.24122194854953474 0.2857142857142857 0.1968838526912181 0.43494897959183676
0.012987012987012986 0.09090909090909091 0.022727272727272728 0.14285714285714285 0.0 0.5
0.012987012987012986 0.09090909090909091 0.022727272727272728 0.14285714285714285 0.0 0.5
0.17442810457516336 0.1974206349206349 0.17032541102308543 0.20634920634920634 0.10025706940874024 0.4387755102040817
0.5296602387511479 0.3094516594516594 0.33846893846893855 0.3333333333333333 0.2495745887691434 0.4272959183673469
-------------------------第 3 组数据------------------------------------------
0.140359477124183 0.18291245791245792 0.15112017612017611 0.20634920634920634 0.05547226386806592 0.37412587412587406
0.15729166666666666 0.22382154882154884 0.17540031652934882 0.20634920634920634 0.06832298136645976 0.36101398601398604
0.2381628787878788 0.2686868686868687 0.16502878929349518 0.12698412698412698 0.07154340836012851 0.7071678321678321
0.1927041160593792 0.22643097643097643 0.19905568287921227 0.20634920634920634 0.06639004149377581 0.4291958041958042
0.22289562289562292 0.2903198653198653 0.23027065527065527 0.20634920634920634 0.09378596087456836 0.4178321678321678
0.24490740740740743 0.33476430976430976 0.26265432098765434 0.2698412698412698 0.15829218704618053 0.5384615384615385
0.01984126984126984 0.08333333333333333 0.03205128205128205 0.23809523809523808 0.0 0.5
0.020161290322580645 0.08333333333333333 0.03246753246753247 0.23809523809523808 0.0013210039630119352 0.5096153846153846
0.2725427350427351 0.3293771043771044 0.28846767267819895 0.30158730158730157 0.1685662867426514 0.5428321678321678
0.282449494949495 0.3853535353535354 0.28561507936507935 0.2698412698412698 0.1667625071880391 0.6127622377622378
-------------------------第 4 组数据------------------------------------------
0.23232142857142857 0.1951178451178451 0.18591386363601634 0.20634920634920634 0.012848636790974477 0.6345029239766082
0.20932539682539683 0.21135161135161132 0.19399350649350647 0.20634920634920634 0.06804733727810652 0.4692982456140351
0.14775910364145659 0.16969696969696968 0.12974137931034482 0.12698412698412698 0.05016447368421062 0.6038011695906433
0.20874756335282654 0.16681096681096683 0.148756105006105 0.25396825396825395 0.10489721886336156 0.6257309941520468
0.25294705294705294 0.276846385937295 0.25496725496725503 0.2222222222222222 0.09419014084507038 0.577485380116959
0.2708333333333333 0.2690410599501508 0.25352175680618266 0.2857142857142857 0.15423627684964192 0.52046783625731
0.031746031746031744 0.09090909090909091 0.04705882352941176 0.3492063492063492 0.0 0.5
0.03129657228017884 0.08677685950413223 0.04600219058050384 0.3333333333333333 -0.011854684512428326 0.5175438596491229
0.23701159951159953 0.22200577200577198 0.21384865134865136 0.25396825396825395 0.07062146892655363 0.6038011695906433
0.20171957671957674 0.23887686387686383 0.20792797405700628 0.2222222222222222 0.11318586613042225 0.4985380116959064
-------------------------第 5 组数据------------------------------------------
0.0918560606060606 0.09159261790840739 0.08664651631403548 0.2698412698412698 0.07765754296626348 0.282069970845481
0.09957227780194287 0.09888357256778307 0.09792374807854683 0.25396825396825395 0.10354223433242515 0.28352769679300294
0.14772727272727273 0.07450444292549556 0.06607765635898627 0.1111111111111111 0.04571274005950754 0.6516034985422741
0.14857011675193493 0.20115629984051034 0.15066117163147916 0.2857142857142857 0.13276231263383287 0.31268221574344024
0.16712962962962963 0.20008354218880534 0.15306959615430382 0.20634920634920634 0.09974278365247224 0.4088921282798834
0.16805555555555554 0.19313909774436092 0.17073218176159352 0.20634920634920634 0.07189157336476137 0.42784256559766765
0.027417027417027416 0.09090909090909091 0.042128603104212854 0.30158730158730157 0.0 0.5
0.11969696969696969 0.11038961038961038 0.07581398497258512 0.3492063492063492 0.07319698600645852 0.39285714285714285
0.1498015873015873 0.17066102756892232 0.13225653545420987 0.2222222222222222 0.06426189754471034 0.3666180758017492
0.08397435897435897 0.0681390977443609 0.07407407407407407 0.15873015873015872 0.027947598253274974 0.42128279883381925
-------------------------第 6 组数据------------------------------------------
0.1390692640692641 0.1541125541125541 0.1278236914600551 0.23809523809523808 0.10426540284360197 0.4426020408163265
0.23995638200183655 0.22965367965367964 0.1843073593073593 0.19047619047619047 0.07698937087043956 0.5816326530612245
0.07616423980060344 0.17597402597402595 0.09380708805261234 0.12698412698412698 0.05482815057283141 0.5573979591836734
0.31418732782369146 0.24588744588744585 0.2546241637150728 0.23809523809523808 0.12802768166089973 0.4298469387755102
0.30808080808080807 0.24855699855699853 0.26426351426351424 0.2222222222222222 0.11547277936962741 0.48214285714285715
0.259887839433294 0.27748917748917745 0.2513049042460807 0.2698412698412698 0.17105263157894735 0.33673469387755095
0.017316017316017316 0.09090909090909091 0.02909090909090909 0.19047619047619047 0.0 0.5
0.017316017316017316 0.09090909090909091 0.02909090909090909 0.19047619047619047 0.0 0.5
0.3319559228650138 0.25577200577200576 0.22087017260814054 0.25396825396825395 0.14987080103359174 0.5816326530612245
0.2269707565162111 0.24025974025974026 0.21423265979415715 0.20634920634920634 0.10333048676345002 0.38903061224489793
-------------------------第 7 组数据------------------------------------------
0.325462962962963 0.19137806637806634 0.1967948717948718 0.3333333333333333 0.21599999999999986 0.4323979591836734
0.2651875901875902 0.18813131313131312 0.19387078063548654 0.2222222222222222 0.11088709677419362 0.5816326530612245
0.28794642857142855 0.18055555555555558 0.17115251897860595 0.19047619047619047 0.13929815162068027 0.7066326530612245
0.25154320987654316 0.1762265512265512 0.19581790758261344 0.23809523809523808 0.12144102266124346 0.49107142857142855
0.28872354497354497 0.2010281385281385 0.2281505531505532 0.20634920634920634 0.11242603550295849 0.5216836734693877
0.26563180827886707 0.204004329004329 0.21641640019589203 0.2222222222222222 0.11394948335246835 0.49234693877551017
0.015873015873015872 0.08333333333333333 0.02666666666666667 0.19047619047619047 0.0 0.5
0.09946236559139786 0.09523809523809523 0.047860360360360364 0.20634920634920634 0.021131137352392693 0.42857142857142855
0.2638888888888889 0.21527777777777776 0.21858076563958917 0.25396825396825395 0.13597899037058647 0.3622448979591837
0.2106481481481481 0.1607142857142857 0.1672348484848485 0.14285714285714285 0.04330708661417315 0.6556122448979592
-------------------------第 8 组数据------------------------------------------
0.17238562091503265 0.18194444444444444 0.17062968777254492 0.2222222222222222 0.0404103201740752 0.2625
0.277724358974359 0.2423611111111111 0.2500417710944027 0.2698412698412698 0.13852556480380496 0.23295454545454547
0.2787296037296037 0.30486111111111114 0.20277777777777775 0.14285714285714285 0.0949720670391061 0.6363636363636364
0.26091871091871094 0.22569444444444445 0.2327940577940578 0.2222222222222222 0.07185808779314484 0.2034090909090909
0.19694754563175618 0.17291666666666664 0.16193977591036413 0.25396825396825395 0.12292654028436023 0.41250000000000003
0.2920138888888889 0.24375 0.24795186891961085 0.3333333333333333 0.22540983606557374 0.20681818181818185
0.06635802469135803 0.12430555555555556 0.08042057402671214 0.2857142857142857 0.08163265306122436 0.22386363636363638
0.07638888888888888 0.10416666666666667 0.06363636363636364 0.2698412698412698 0.048275862068965614 0.3840909090909091
0.30089285714285713 0.2604166666666667 0.26199289405684756 0.30158730158730157 0.14995400183992635 0.26477272727272727
0.27025012025012024 0.30694444444444446 0.25391770501303973 0.3492063492063492 0.24163241338813857 0.2977272727272728
-------------------------第 9 组数据------------------------------------------
0.1810344827586207 0.18939393939393936 0.15827165610447344 0.23809523809523808 0.1222060957910015 0.4207818930041152
0.18709825528007346 0.18737373737373736 0.1764960529666412 0.2698412698412698 0.1415876777251185 0.3734567901234568
0.21988636363636363 0.24523809523809523 0.14128345782757548 0.20634920634920634 0.15299811777359518 0.676954732510288
0.2496969696969697 0.2924242424242424 0.25564416090731884 0.30158730158730157 0.17988165680473378 0.4526748971193415
0.35057720057720054 0.24451058201058198 0.26937423687423684 0.2857142857142857 0.18721330275229364 0.5699588477366255
0.3505050505050505 0.4438672438672439 0.3695906432748538 0.3333333333333333 0.2431350114416475 0.38786008230452673
0.01443001443001443 0.09090909090909091 0.024906600249066005 0.15873015873015872 0.0 0.5
0.014662756598240468 0.09090909090909091 0.02525252525252525 0.15873015873015872 0.0002994011976047428 0.5092592592592593
0.2312143996354523 0.19112554112554114 0.17781036168132944 0.2222222222222222 0.12001140250855191 0.5648148148148149
0.4174880674880675 0.5021164021164021 0.43261575026280913 0.42857142857142855 0.3471502590673574 0.49176954732510286

Process finished with exit code 0
