E:\python\python.exe G:/Download/MCB-Diff-Prop-2/MCB-91/src/multi-classifier/run_cla.py
分类器依次为： LR, NB,DT, SVM, AdaBoost,Bagging, | GradientBoosting, RF
-------------------------第 0 组数据------------------------------------------
0.08712121212121211 0.1328671328671329 0.09818181818181819 0.19047619047619047 0.0411817367949866 0.3976923076923077
0.21657509157509158 0.18158831908831907 0.17225596041385516 0.23809523809523808 0.10849056603773577 0.45461538461538464
0.16944444444444443 0.1311965811965812 0.1261574074074074 0.14285714285714285 0.07529219896711059 0.4923076923076923
0.2523957523957524 0.24751359751359753 0.24040194040194038 0.25396825396825395 0.12732095490716178 0.41923076923076924
0.10347222222222223 0.14561457061457062 0.11467555249524558 0.20634920634920634 0.09195733640818682 0.43923076923076926
0.2651811151811152 0.21703296703296704 0.21134513634513633 0.2857142857142857 0.18205424120023073 0.4976923076923077
0.06029684601113172 0.1216783216783217 0.07179135992695315 0.23809523809523808 0.08280254777070051 0.3007692307692308
0.053571428571428575 0.1027972027972028 0.05206611570247934 0.19047619047619047 0.03164556962025311 0.4246153846153846
0.2772924045651318 0.18236208236208237 0.19090909090909092 0.23809523809523808 0.10532544378698228 0.33230769230769236
0.09948830409356724 0.13106430606430605 0.10124247400109469 0.19047619047619047 0.07138728323699417 0.5107692307692308
-------------------------第 1 组数据------------------------------------------
0.09375 0.09732142857142857 0.07777777777777779 0.2222222222222222 0.044272445820433326 0.42641509433962266
0.18320512820512821 0.15863095238095237 0.14722805138406161 0.2222222222222222 0.08533333333333326 0.3283018867924528
0.06932796735428313 0.11051587301587301 0.05797796974267563 0.09523809523809523 0.028934559221200584 0.7283018867924529
0.24691358024691357 0.2193452380952381 0.21659618373353937 0.2222222222222222 0.08343230403800461 0.38773584905660374
0.296195652173913 0.19652777777777777 0.22233840983840983 0.2698412698412698 0.14588859416445632 0.4
0.1942550505050505 0.20178571428571426 0.1895021645021645 0.2857142857142857 0.16470241602828517 0.3886792452830189
0.018518518518518517 0.08333333333333333 0.0303030303030303 0.2222222222222222 0.0 0.5
0.06136363636363636 0.11071428571428572 0.06843800322061193 0.2698412698412698 0.070856043603719 0.33773584905660375
0.18920454545454546 0.16160714285714287 0.14088504088504086 0.2698412698412698 0.12946830880144178 0.37924528301886795
0.2702020202020202 0.2568452380952381 0.2556878306878307 0.3492063492063492 0.24007060900264776 0.38301886792452833
-------------------------第 2 组数据------------------------------------------
0.10247208931419456 0.12207792207792209 0.1016835016835017 0.19047619047619047 -0.006894390473205947 0.480188679245283
0.09653679653679652 0.17662337662337663 0.11877213695395512 0.20634920634920634 0.04313487241798297 0.5358490566037735
0.12947658402203857 0.35946969696969694 0.14176379176379175 0.15873015873015872 0.09561213434452853 0.769811320754717
0.11285434995112414 0.212987012987013 0.1400386847195358 0.20634920634920634 0.03640256959314769 0.5452830188679245
0.1878811612364244 0.21074735449735452 0.18076072534276869 0.19047619047619047 0.052212389380530855 0.590566037735849
0.15706406166932482 0.19616402116402118 0.14490925740925742 0.1746031746031746 0.040140638734251444 0.5764150943396227
0.023088023088023088 0.09090909090909091 0.03682393555811277 0.25396825396825395 0.0 0.5
0.05032467532467533 0.10340909090909091 0.05926916221033867 0.2698412698412698 0.03496503496503489 0.44716981132075473
0.22450396825396823 0.1982473544973545 0.16032524120759414 0.2698412698412698 0.10527940722445195 0.3650943396226415
0.2333333333333333 0.20833333333333334 0.1851851851851852 0.2222222222222222 0.08668639053254423 0.3820754716981132
-------------------------第 3 组数据------------------------------------------
0.18321678321678322 0.14513314967860422 0.11841937732030611 0.25396825396825395 0.10543806646525689 0.5154320987654321
0.07023809523809525 0.0909090909090909 0.07649410774410774 0.1746031746031746 0.035051546391752564 0.45884773662551437
0.08518518518518518 0.18703703703703703 0.091905226416096 0.12698412698412698 0.06199242014076878 0.6265432098765432
0.0625 0.09722222222222221 0.07515793385358603 0.1746031746031746 0.034198113207547065 0.40843621399176955
0.11663881927039821 0.1336700336700337 0.12284438349803374 0.2222222222222222 0.09551714034573677 0.5164609053497942
0.08443843737961385 0.1016988062442608 0.08983682983682982 0.15873015873015872 0.02567843594981023 0.4783950617283951
0.019047619047619046 0.1 0.032 0.19047619047619047 0.0 0.5
0.05 0.12222222222222223 0.06029411764705883 0.2222222222222222 0.045454545454545414 0.4351851851851852
0.12435897435897436 0.16437098255280072 0.131771853877117 0.30158730158730157 0.17105263157894746 0.37551440329218105
0.1226972101972102 0.12441077441077442 0.12169526380052696 0.20634920634920634 0.09117137911136763 0.4403292181069959
-------------------------第 4 组数据------------------------------------------
0.12354312354312355 0.11815635345047108 0.10202020202020202 0.25396825396825395 0.07178683385579931 0.3278688524590164
0.1621212121212121 0.22020626432391135 0.17625934671389218 0.2222222222222222 0.07018072289156618 0.35245901639344257
0.11298701298701298 0.15240641711229946 0.08792470156106519 0.12698412698412698 0.06173842404549146 0.36065573770491804
0.15116883116883117 0.25273745861981156 0.18253968253968253 0.20634920634920634 0.06138259833134674 0.32786885245901637
0.19816345270890726 0.1541380188439012 0.15744427141485964 0.15873015873015872 0.031331592689294974 0.639344262295082
0.22872960372960371 0.17766743060860707 0.18134708428826074 0.19047619047619047 0.07058142898466879 0.42622950819672134
0.02453102453102453 0.09090909090909091 0.038636363636363635 0.2698412698412698 0.0 0.5
0.025518341307814992 0.0855614973262032 0.03931203931203931 0.25396825396825395 0.009036144578313143 0.5491803278688525
0.16666666666666666 0.1930226636108989 0.15717171717171718 0.2222222222222222 0.050446016610273814 0.5901639344262295
0.23875114784205698 0.17782021899668957 0.18703379953379953 0.20634920634920634 0.09845449341728674 0.7049180327868853
-------------------------第 5 组数据------------------------------------------
0.14041514041514042 0.15848214285714288 0.13651900464861907 0.2222222222222222 0.043680297397769574 0.3783244680851064
0.22569444444444445 0.2242063492063492 0.21234049175225644 0.2222222222222222 0.08587503701510213 0.4601063829787234
0.30728291316526607 0.29910714285714285 0.2440824282929546 0.1746031746031746 0.11816958277254364 0.53125
0.2039337474120083 0.1753472222222222 0.17819042819042819 0.20634920634920634 0.06997342781222327 0.48071808510638303
0.34421296296296294 0.3239087301587302 0.3250694444444444 0.31746031746031744 0.20159151193633962 0.39494680851063835
0.2622685185185185 0.3030753968253968 0.27023358585858587 0.2698412698412698 0.1568228105906314 0.675531914893617
0.018518518518518517 0.08333333333333333 0.0303030303030303 0.2222222222222222 0.0 0.5
0.05344827586206897 0.09375 0.04828042328042328 0.25396825396825395 0.03769905752356195 0.46941489361702127
0.20989326765188834 0.20734126984126985 0.1956590728393054 0.25396825396825395 0.10947368421052617 0.46742021276595747
0.314030536457007 0.34499007936507936 0.31955002385109915 0.36507936507936506 0.2572944297082229 0.46343085106382975
-------------------------第 6 组数据------------------------------------------
0.24595959595959596 0.18354978354978355 0.1778066378066378 0.2857142857142857 0.14324569356300998 0.1897727272727273
0.2230093139184048 0.2174242424242424 0.20221697494424767 0.2698412698412698 0.14939829762254175 0.18977272727272726
0.14854797979797982 0.2244047619047619 0.12705577729554712 0.19047619047619047 0.12690217391304348 0.7102272727272727
0.3032900432900433 0.2897546897546897 0.27369297369297374 0.3333333333333333 0.22176470588235297 0.18181818181818182
0.19456906729634002 0.21295093795093797 0.19174150108814353 0.2698412698412698 0.16819747416762343 0.2590909090909091
0.31094288955251526 0.26114718614718613 0.26067680197561355 0.3333333333333333 0.23812266052404263 0.2761363636363636
0.0202020202020202 0.09090909090909091 0.033057851239669415 0.2222222222222222 0.0 0.5
0.05830721003134797 0.11363636363636363 0.06332556332556333 0.25396825396825395 0.05004812319538032 0.4022727272727273
0.3066087138667784 0.22557720057720057 0.21627640036730947 0.31746031746031744 0.1915846016114593 0.17954545454545454
0.36147186147186144 0.30800865800865795 0.31641691641691644 0.3492063492063492 0.261789082595027 0.2363636363636364
-------------------------第 7 组数据------------------------------------------
0.09877450980392156 0.1288690476190476 0.10688616938616939 0.25396825396825395 0.09999999999999998 0.4018867924528302
0.19047619047619047 0.15178571428571427 0.1476010101010101 0.2698412698412698 0.13259503142771623 0.4349056603773585
0.21432748538011692 0.20912698412698413 0.12644537480063797 0.14285714285714285 0.09110339300026715 0.7754716981132075
0.24441137566137563 0.25 0.24228627123363966 0.3333333333333333 0.22450175849941367 0.5773584905660378
0.18044662309368195 0.1904761904761905 0.18049840515146487 0.2857142857142857 0.16886543535620047 0.36792452830188677
0.21544365220835812 0.1601190476190476 0.16829296924173584 0.23809523809523808 0.11449487554904825 0.43301886792452826
0.018518518518518517 0.08333333333333333 0.0303030303030303 0.2222222222222222 0.0 0.5
0.053773584905660386 0.11071428571428572 0.06567164179104479 0.2698412698412698 0.07323313079629035 0.35660377358490564
0.26805555555555555 0.17410714285714288 0.18863636363636363 0.2857142857142857 0.15145166117928754 0.4716981132075472
0.2808080808080808 0.20714285714285716 0.22189367649893968 0.31746031746031744 0.2222222222222221 0.4386792452830189
-------------------------第 8 组数据------------------------------------------
0.04751461988304093 0.0744047619047619 0.052655677655677656 0.19047619047619047 0.005878712871287051 0.4616013071895424
0.18171296296296294 0.14497354497354498 0.13858932461873638 0.2222222222222222 0.08152335614400463 0.3161764705882353
0.08859558316080053 0.15178571428571427 0.05536252962723551 0.09523809523809523 0.03906877174203904 0.5923202614379085
0.10601851851851851 0.1259920634920635 0.11259370710590223 0.1746031746031746 0.015920696905977638 0.32352941176470584
0.10837542087542086 0.14365079365079367 0.12243941054682743 0.19047619047619047 0.05444379046497938 0.42156862745098045
0.2382275132275132 0.2111111111111111 0.21667429792429793 0.25396825396825395 0.13597899037058647 0.33006535947712423
0.018518518518518517 0.08333333333333333 0.0303030303030303 0.2222222222222222 0.0 0.5
0.060672514619883045 0.09821428571428571 0.058294209702660395 0.25396825396825395 0.04453049370764761 0.40441176470588236
0.07710113960113961 0.10515873015873016 0.08452380952380951 0.1746031746031746 0.018279892118669427 0.3488562091503268
0.16363636363636364 0.1763888888888889 0.1604775868368337 0.20634920634920634 0.08616187989556123 0.4893790849673203
-------------------------第 9 组数据------------------------------------------
0.14049586776859505 0.203030303030303 0.14480750978077184 0.2698412698412698 0.08896573404589758 0.47358490566037736
0.14678458796105856 0.19278499278499278 0.15087521174477697 0.15873015873015872 0.01271437019515087 0.530188679245283
0.21482683982683978 0.295959595959596 0.16840714840714843 0.1746031746031746 0.10344827586206895 0.6641509433962264
0.21270810875553955 0.2463203463203463 0.20116671945940237 0.25396825396825395 0.10651780325890148 0.5103773584905661
0.3760363819187349 0.343001443001443 0.35415121826605084 0.3333333333333333 0.22061855670103103 0.480188679245283
0.2768939393939394 0.3007215007215007 0.2775617133905904 0.2857142857142857 0.17105263157894735 0.5018867924528302
0.025974025974025972 0.09090909090909091 0.04040404040404041 0.2857142857142857 0.0 0.5
0.04391080617495712 0.09393939393939395 0.05659411011523688 0.2698412698412698 0.005831903945111572 0.47547169811320755
0.2383172383172383 0.25209235209235215 0.21610845295055822 0.31746031746031744 0.17383348581884717 0.4207547169811321
0.4221033868092691 0.3360750360750361 0.36363636363636365 0.2857142857142857 0.17129494299912307 0.43584905660377365

Process finished with exit code 0
