E:\python\python.exe G:/Download/MCB-Diff-Prop-2/MCB-55/src/multi-classifier/run_cla.py
分类器依次为：LR,KNN, DT, SVM,  NB, RF, AdaBoost, GradientBoosting
-------------------------第 0 组数据------------------------------------------
0.08918918918918921 0.1073926073926074 0.0755656108597285 0.2222222222222222 0.07657792402034103 0.28954081632653056
0.0790491118077325 0.11123876123876124 0.08660714285714287 0.20634920634920634 0.07052227795809951 0.31632653061224486
0.12361111111111112 0.08562271062271061 0.06397058823529413 0.1111111111111111 0.03790564494136894 0.6403061224489796
0.0630952380952381 0.10098235098235098 0.06867690058479531 0.20634920634920634 0.05660377358490554 0.26913265306122447
0.167989417989418 0.16615329115329114 0.16187739463601533 0.1746031746031746 0.05563562986451409 0.27678571428571425
0.08164983164983164 0.08816183816183816 0.07938948306595366 0.1746031746031746 0.040140638734251444 0.41454081632653056
0.017195767195767195 0.08333333333333333 0.028508771929824563 0.20634920634920634 0.0 0.5
0.060028248587570616 0.10714285714285714 0.06039562289562289 0.23809523809523808 0.047258979206049156 0.375
0.10810291858678955 0.18736818736818736 0.11167998667998667 0.20634920634920634 0.07189157336476137 0.30357142857142855
0.20487472766884532 0.21432733932733936 0.20426587301587304 0.23809523809523808 0.12423979148566466 0.44387755102040816
-------------------------第 1 组数据------------------------------------------
0.15466200466200467 0.14884135472370766 0.15013455013455015 0.2698412698412698 0.12605548854041004 0.3594771241830066
0.22480158730158728 0.14338235294117646 0.16122408293460924 0.2698412698412698 0.1281588447653429 0.29411764705882354
0.24381038647342992 0.232843137254902 0.16643404488232075 0.23809523809523808 0.16371681415929196 0.5032679738562091
0.23707988980716255 0.19429590017825316 0.20619235836627145 0.30158730158730157 0.15203426124196995 0.38316993464052285
0.3551587301587302 0.17933006535947713 0.21515374791236863 0.2698412698412698 0.15780296425457718 0.2916666666666667
0.2833333333333334 0.16748366013071894 0.19073021885521887 0.23809523809523808 0.10585452395032513 0.36519607843137253
0.02453102453102453 0.09090909090909091 0.038636363636363635 0.2698412698412698 0.0 0.5
0.09437596302003083 0.11363636363636363 0.07476076555023924 0.31746031746031744 0.0716244002741604 0.38480392156862747
0.2667004048582996 0.14052287581699346 0.16944444444444443 0.23809523809523808 0.09812108559498955 0.4281045751633986
0.27067736185383245 0.23351158645276293 0.24354754440961338 0.2698412698412698 0.14764705882352935 0.5359477124183006
-------------------------第 2 组数据------------------------------------------
0.09193438140806562 0.08874458874458874 0.07733133156861971 0.25396825396825395 0.026627218934911268 0.6067251461988304
0.28874458874458875 0.2038961038961039 0.20971964543393115 0.30158730158730157 0.13320825515947465 0.6812865497076024
0.1797979797979798 0.14458874458874457 0.1440781440781441 0.2222222222222222 0.09868613138686133 0.5599415204678363
0.12992105933282405 0.16709956709956708 0.14254432436250616 0.2698412698412698 0.06846673095467692 0.6622807017543859
0.20063270063270064 0.2372294372294372 0.19878710406569644 0.25396825396825395 0.15084599942644117 0.5760233918128655
0.33968443836864887 0.24155844155844156 0.24939605848696758 0.30158730158730157 0.17105263157894735 0.5482456140350876
0.0303030303030303 0.09090909090909091 0.045454545454545456 0.3333333333333333 0.0 0.5
0.028787878787878786 0.08225108225108226 0.042648709315375975 0.30158730158730157 -0.030100334448160515 0.5263157894736843
0.27670250896057347 0.21428571428571427 0.21412291412291415 0.3333333333333333 0.1629231255931668 0.4356725146198831
0.1611111111111111 0.18874458874458877 0.16705617614708526 0.23809523809523808 0.10187110187110182 0.4809941520467836
-------------------------第 3 组数据------------------------------------------
0.047520661157024795 0.11363636363636363 0.06666666666666667 0.2222222222222222 0.026796973518284806 0.2563559322033898
0.09445100354191265 0.13257575757575757 0.1019283746556474 0.20634920634920634 0.05632115038945473 0.5
0.16305916305916304 0.14886363636363636 0.149455635523747 0.19047619047619047 0.07433016421780458 0.423728813559322
0.146831955922865 0.19242424242424241 0.148992673992674 0.2698412698412698 0.11186025130248234 0.48093220338983056
0.28822843822843824 0.26553030303030306 0.25139216565362577 0.30158730158730157 0.19698725376593273 0.20127118644067796
0.2734546552481335 0.23368055555555556 0.23535112763053942 0.30158730158730157 0.18060892698788056 0.3728813559322034
0.023088023088023088 0.09090909090909091 0.03682393555811277 0.25396825396825395 0.0 0.5
0.06929955290611028 0.11363636363636363 0.06808343171979535 0.2698412698412698 0.029145728643216073 0.3834745762711864
0.1726190476190476 0.21329365079365079 0.16982323232323235 0.31746031746031744 0.19061846429638485 0.5
0.3066919191919192 0.23194444444444443 0.2442604909710173 0.2698412698412698 0.1491485613623018 0.35381355932203395
-------------------------第 4 组数据------------------------------------------
0.07115384615384615 0.10326086956521738 0.08306451612903226 0.31746031746031744 0.06875214850464051 0.5056818181818181
0.13642729819200408 0.18807641633728586 0.15728744939271255 0.31746031746031744 0.10298013245033111 0.5068181818181818
0.0763478945297127 0.11808300395256915 0.060646572678658243 0.09523809523809523 -0.0013943112102621225 0.7272727272727273
0.1537433155080214 0.17292490118577075 0.16148325358851673 0.30158730158730157 0.0821192052980132 0.4659090909090909
0.20707070707070707 0.16141853315766358 0.1737110331084506 0.23809523809523808 0.0847457627118644 0.5147727272727273
0.1257969303423849 0.13869126043039084 0.12874902874902874 0.25396825396825395 0.10272727272727267 0.47045454545454546
0.0365079365079365 0.1 0.05348837209302325 0.36507936507936506 0.0 0.5
0.0365079365079365 0.1 0.05348837209302325 0.36507936507936506 0.0 0.5
0.10972222222222222 0.1585144927536232 0.1235694625525134 0.30158730158730157 0.08059701492537319 0.2761363636363636
0.2333333333333333 0.1740447957839262 0.19218017495529455 0.25396825396825395 0.11611940298507473 0.4647727272727272
-------------------------第 5 组数据------------------------------------------
0.11111111111111112 0.13010625737898465 0.11669838234708291 0.2222222222222222 0.0763016157989227 0.269811320754717
0.1124098124098124 0.12582972582972582 0.11441798941798942 0.20634920634920634 0.07216494845360821 0.33018867924528306
0.12521929824561404 0.10995670995670996 0.08023643023643023 0.12698412698412698 0.06704361873990305 0.5537735849056604
0.13005050505050503 0.13543224452315358 0.12721487526387706 0.20634920634920634 0.07216494845360821 0.3481132075471698
0.19833916083916084 0.18976671476671472 0.18142187924796624 0.2698412698412698 0.16435986159169547 0.4169811320754717
0.2224025974025974 0.2175084175084175 0.21704545454545454 0.23809523809523808 0.125506072874494 0.37641509433962267
0.015873015873015872 0.09090909090909091 0.027027027027027025 0.1746031746031746 0.0 0.5
0.04879211697393515 0.11074380165289256 0.060606060606060615 0.20634920634920634 0.04167934286583519 0.3660377358490566
0.2250816993464052 0.18854016354016354 0.19241787624140563 0.2698412698412698 0.15163934426229497 0.2952830188679246
0.19928902116402117 0.22904040404040404 0.20805548940223864 0.23809523809523808 0.13327601031814273 0.33773584905660375
-------------------------第 6 组数据------------------------------------------
0.1581267217630854 0.1841401023219205 0.15303030303030302 0.25396825396825395 0.1339572974553962 0.3505244755244755
0.10305555555555557 0.1415824915824916 0.113216011042098 0.23809523809523808 0.11733800350262691 0.2797202797202797
0.06871345029239766 0.08958333333333333 0.07268518518518519 0.14285714285714285 0.04491858506457047 0.7753496503496503
0.15826839826839825 0.20937950937950936 0.16628402557195127 0.2698412698412698 0.15139092240117136 0.31468531468531463
0.11223544973544974 0.14759499759499758 0.12203090347627449 0.2222222222222222 0.11191024165707719 0.2972027972027972
0.1012145262145262 0.11766474266474265 0.09844195156695157 0.1746031746031746 0.06239267315397812 0.3916083916083916
0.015873015873015872 0.1 0.027397260273972608 0.15873015873015872 0.0 0.5
0.05 0.10909090909090909 0.04285714285714286 0.1746031746031746 0.017985611510791255 0.47377622377622375
0.1445486331849968 0.1346418732782369 0.12668793195108982 0.2222222222222222 0.09736842105263155 0.4256993006993007
0.10365497076023393 0.12772967772967772 0.11123172388164893 0.20634920634920634 0.09560723514211877 0.41783216783216787
-------------------------第 7 组数据------------------------------------------
0.11127508854781581 0.11805555555555557 0.09228650137741047 0.2698412698412698 0.0717488789237668 0.2715909090909091
0.21064814814814814 0.1537037037037037 0.15928978428978427 0.2698412698412698 0.09719626168224293 0.3409090909090909
0.1438404646608981 0.1537037037037037 0.11509139009139009 0.19047619047619047 0.08539709649871896 0.4420454545454546
0.10810810810810811 0.09780092592592593 0.08545699583435433 0.23809523809523808 0.05794392523364478 0.24204545454545456
0.1578042328042328 0.1394675925925926 0.14124453977395154 0.25396825396825395 0.10408472012102865 0.36704545454545456
0.2492063492063492 0.1914351851851852 0.20574101824101823 0.3333333333333333 0.2042105263157894 0.43068181818181817
0.023088023088023088 0.09090909090909091 0.03682393555811277 0.25396825396825395 0.0 0.5
0.09129429892141756 0.11931818181818182 0.0818181818181818 0.2857142857142857 0.052789842966922906 0.3215909090909091
0.17724867724867724 0.12037037037037036 0.11452991452991453 0.2222222222222222 0.04308741475511457 0.3875
0.15883424875519736 0.15025252525252525 0.1494172494172494 0.25396825396825395 0.11796246648793562 0.4352272727272727
-------------------------第 8 组数据------------------------------------------
0.14722838137472283 0.17359307359307358 0.1499540863177227 0.25396825396825395 0.08186046511627909 0.3433962264150944
0.20948627198627198 0.17400793650793653 0.1625816993464052 0.25396825396825395 0.09780621572212078 0.3594339622641509
0.12083333333333335 0.13214285714285715 0.10898290350623008 0.14285714285714285 0.05735660847880286 0.4518867924528302
0.1421471648744376 0.1761904761904762 0.15059842118665648 0.25396825396825395 0.09060196560196565 0.30471698113207546
0.16134259259259257 0.17639790764790764 0.1647684552289815 0.25396825396825395 0.13192612137203164 0.4292452830188679
0.24210239651416124 0.19213564213564213 0.19590033797813686 0.2698412698412698 0.14839847193652655 0.4783018867924528
0.0202020202020202 0.09090909090909091 0.033057851239669415 0.2222222222222222 0.0 0.5
0.051515151515151514 0.1 0.048384048384048375 0.23809523809523808 0.024201355275895398 0.4688679245283019
0.12617521367521367 0.1445436507936508 0.11576881800938406 0.23809523809523808 0.07551207581779285 0.36698113207547167
0.25205627705627703 0.1982864357864358 0.19746023452920006 0.2698412698412698 0.15411558669001746 0.33962264150943394
-------------------------第 9 组数据------------------------------------------
0.15310105363984675 0.13680555555555554 0.12857142857142856 0.2222222222222222 0.0771300448430492 0.662280701754386
0.1597222222222222 0.11805555555555557 0.1302910052910053 0.2222222222222222 0.09947491248541418 0.5818713450292399
0.20694444444444446 0.19652777777777777 0.17039842873176206 0.19047619047619047 0.10100727476217108 0.5160818713450293
0.14442049808429117 0.11666666666666665 0.11632996632996633 0.20634920634920634 0.05773257553096023 0.5190058479532164
0.1603864734299517 0.19305555555555554 0.16361990835675044 0.23809523809523808 0.11111111111111116 0.3084795321637427
0.3918981481481481 0.33888888888888885 0.3284229659229659 0.30158730158730157 0.20115273775216136 0.39766081871345027
0.01984126984126984 0.08333333333333333 0.03205128205128205 0.23809523809523808 0.0 0.5
0.020114942528735632 0.07777777777777778 0.03196347031963471 0.2222222222222222 -0.0058651026392961825 0.543859649122807
0.3881720430107527 0.2881944444444445 0.27463846539933495 0.25396825396825395 0.1203208556149733 0.3172514619883041
0.26517857142857143 0.25416666666666665 0.2560846560846561 0.1746031746031746 0.040983606557376984 0.48391812865497075

Process finished with exit code 0
