E:\python\python.exe G:/Download/MCB-Diff-Prop-2/MCB-73/src/multi-classifier/run_cla.py
分类器依次为：DT, KNN, SVM, LR, NB, RF, AdaBoost, GradientBoosting
-------------------------第 0 组数据------------------------------------------
0.2191919191919192 0.1570643408878703 0.16080715623049716 0.30158730158730157 0.10204081632653061 0.40962099125364426
0.2320619993033786 0.21911340293693238 0.21578491259960686 0.3492063492063492 0.20030959752321975 0.3848396501457726
0.24291558115087525 0.26814362108479756 0.17254828856292406 0.19047619047619047 0.11021877596233731 0.5823615160349854
0.16597222222222222 0.18564231248054777 0.16342704914133485 0.31746031746031744 0.15921787709497204 0.37682215743440234
0.22753716871363927 0.23669467787114848 0.20838779956427014 0.31746031746031744 0.1911018214392355 0.45626822157434405
0.28235541691424043 0.22142468098350454 0.23662309368191722 0.3492063492063492 0.23170731707317072 0.42565597667638483
0.029982363315696647 0.1111111111111111 0.04722222222222222 0.2698412698412698 0.0 0.5
0.10555555555555556 0.12698412698412698 0.07520583991172226 0.30158730158730157 0.046439628482972006 0.4387755102040816
0.27824074074074073 0.20262410519763463 0.21238551765841315 0.3333333333333333 0.18484288354898337 0.38411078717201164
0.2283625730994152 0.20367452536570183 0.20936285936285937 0.31746031746031744 0.19946808510638303 0.4963556851311954
-------------------------第 1 组数据------------------------------------------
0.11414141414141414 0.13672438672438672 0.11420932009167303 0.2222222222222222 0.0837043633125556 0.2613168724279835
0.197008547008547 0.19246031746031744 0.1817251461988304 0.25396825396825395 0.13065179095713442 0.20473251028806583
0.2584120425029516 0.23116883116883116 0.1972249972249972 0.15873015873015872 0.09854211663066936 0.5421810699588477
0.2154714298409313 0.2705627705627705 0.2336712383224011 0.30158730158730157 0.18133490844654465 0.20576131687242796
0.26645021645021644 0.24104784104784105 0.2258678932475724 0.2857142857142857 0.1848763657274295 0.28086419753086417
0.22117224880382771 0.16580687830687832 0.17893452873291582 0.2222222222222222 0.11699084668192228 0.39917695473251025
0.017316017316017316 0.09090909090909091 0.02909090909090909 0.19047619047619047 0.0 0.5
0.04944178628389154 0.11111111111111112 0.05586297760210803 0.2222222222222222 0.04456824512534818 0.42592592592592593
0.26209196209196206 0.28830613830613827 0.2506457128305868 0.3333333333333333 0.212968471148126 0.31069958847736623
0.22768440709617177 0.21996336996336996 0.21603721948549537 0.25396825396825395 0.14987080103359163 0.46193415637860086
-------------------------第 2 组数据------------------------------------------
0.07529209142112368 0.08404139433551198 0.07738095238095237 0.15873015873015872 -0.04441664060056305 0.42489711934156377
0.04345238095238096 0.051742919389978215 0.047075679798791924 0.1111111111111111 -0.0665054413542927 0.3837448559670782
0.13839285714285712 0.10212418300653593 0.096541394335512 0.09523809523809523 0.017510259917920434 0.46810699588477367
0.0845959595959596 0.07461873638344226 0.07799145299145298 0.1111111111111111 -0.06779661016949157 0.41563786008230447
0.10616883116883115 0.11604278074866312 0.10802781391016683 0.1746031746031746 0.021213026590977013 0.44753086419753085
0.06535947712418301 0.07461873638344226 0.06932773109243698 0.14285714285714285 -0.011596788581623496 0.3631687242798353
0.02453102453102453 0.09090909090909091 0.038636363636363635 0.2698412698412698 0.0 0.5
0.06300940438871473 0.11111111111111112 0.06718614718614718 0.30158730158730157 0.05650102110279098 0.4166666666666667
0.1076366341991342 0.10708061002178648 0.10075113378684807 0.25396825396825395 0.07120451693851959 0.3734567901234568
0.08960113960113962 0.08785403050108931 0.08830409356725145 0.1746031746031746 0.042665108123904005 0.4537037037037037
-------------------------第 3 组数据------------------------------------------
0.1783625730994152 0.18051948051948052 0.14724603459781327 0.2222222222222222 0.11011818968002307 0.4314868804664723
0.3421487603305785 0.31764069264069267 0.28088154269972454 0.2698412698412698 0.16460074949553183 0.4963556851311953
0.12446581196581197 0.1423611111111111 0.08412698412698412 0.07936507936507936 0.021424745581146043 0.5809037900874635
0.31697746697746704 0.34870129870129873 0.27835065035716045 0.2857142857142857 0.18814432989690721 0.45699708454810495
0.2934343434343435 0.2932900432900433 0.2499607963918589 0.23809523809523808 0.13870692110509808 0.5670553935860059
0.2959373959373959 0.26082251082251084 0.2615345438874851 0.2857142857142857 0.20140845070422542 0.4052478134110787
0.011544011544011544 0.09090909090909091 0.020486555697823303 0.12698412698412698 0.0 0.5
0.03505392912172573 0.0974025974025974 0.03181064375094226 0.14285714285714285 0.011333914559720992 0.49489795918367346
0.20927419354838708 0.19146825396825395 0.1717092848671796 0.2222222222222222 0.12574341546304169 0.4125364431486881
0.25724896019013666 0.3130952380952381 0.24693735776739728 0.23809523809523808 0.14164064717570246 0.402332361516035
-------------------------第 4 组数据------------------------------------------
0.0948051948051948 0.14661319073083778 0.10621600621600623 0.2222222222222222 0.03741814780168384 0.4616013071895425
0.12868265993265993 0.16625816993464052 0.1345549865000666 0.25396825396825395 0.11426862099910262 0.4583333333333333
0.0865870240870241 0.16532976827094473 0.09203131796433231 0.15873015873015872 0.07404326123128124 0.548202614379085
0.16647727272727272 0.21691176470588233 0.1735246235246235 0.20634920634920634 0.06914893617021267 0.41830065359477125
0.10371148459383754 0.0959967320261438 0.08795046733643225 0.14285714285714285 0.0373514431239389 0.46568627450980393
0.1243201243201243 0.14460784313725492 0.11833735909822866 0.20634920634920634 0.08933217692974849 0.4362745098039216
0.02453102453102453 0.09090909090909091 0.038636363636363635 0.2698412698412698 0.0 0.5
0.0780564263322884 0.10294117647058823 0.06844919786096257 0.2857142857142857 0.030106055422511213 0.3946078431372549
0.1019621682665161 0.1305704099821747 0.1110298792116974 0.20634920634920634 0.0460327074500303 0.43790849673202614
0.09541245791245791 0.127859477124183 0.09680711800277016 0.14285714285714285 0.03407155025553654 0.5874183006535949
-------------------------第 5 组数据------------------------------------------
0.1272061272061272 0.1722027972027972 0.137995337995338 0.19047619047619047 0.03076923076923077 0.5318181818181817
0.12996031746031744 0.17913105413105412 0.14204655439411537 0.19047619047619047 0.0574948665297742 0.3340909090909091
0.07251082251082251 0.14976689976689977 0.07480398389489298 0.1111111111111111 0.016996377821120068 0.6102272727272727
0.14470680834317198 0.23212898212898211 0.16977225672877846 0.23809523809523808 0.10479573712255774 0.44772727272727275
0.27200577200577203 0.1796814296814297 0.18750269338504635 0.2698412698412698 0.1585365853658537 0.45454545454545453
0.20982142857142858 0.14725783475783474 0.15582461234738276 0.23809523809523808 0.12827904295185932 0.3840909090909091
0.018759018759018756 0.09090909090909091 0.03110047846889952 0.20634920634920634 0.0 0.5
0.048484848484848485 0.09527972027972029 0.046416845918713916 0.20634920634920634 0.004739336492891044 0.4556818181818182
0.18194444444444444 0.18554131054131054 0.13537283130306385 0.20634920634920634 0.07352941176470584 0.4
0.15615079365079362 0.12624643874643873 0.13887554534484362 0.1746031746031746 0.05753739930955115 0.4727272727272727
-------------------------第 6 组数据------------------------------------------
0.20346320346320343 0.19545454545454544 0.1663332835746629 0.2857142857142857 0.11433926897844426 0.275
0.26582010582010585 0.33619047619047615 0.2624229775392566 0.30158730158730157 0.17229023589131087 0.30833333333333335
0.14429434202161476 0.2020021645021645 0.15936013304434354 0.2222222222222222 0.13963210702341133 0.4833333333333333
0.26961085509472604 0.34065476190476185 0.2567291455589328 0.3333333333333333 0.20277191925278693 0.2972222222222222
0.3560064935064935 0.31509740259740254 0.2902106434860446 0.3333333333333333 0.2343749999999999 0.40833333333333327
0.2727272727272727 0.3234848484848485 0.27048148242913234 0.30158730158730157 0.19582245430809386 0.4361111111111111
0.025396825396825397 0.1 0.04050632911392405 0.25396825396825395 0.0 0.5
0.061403508771929814 0.16666666666666666 0.0882800608828006 0.2857142857142857 0.06712734452122415 0.19999999999999998
0.24166666666666664 0.3001190476190476 0.23689317928448364 0.2857142857142857 0.14220877458396375 0.25555555555555554
0.2217171717171717 0.2793831168831169 0.23404343725199342 0.2857142857142857 0.1796875000000001 0.4527777777777777
-------------------------第 7 组数据------------------------------------------
0.1695121951219512 0.13361111111111112 0.09869281045751635 0.20634920634920634 0.06777153003847292 0.33396226415094343
0.20506206756206752 0.18861111111111112 0.17759988249118683 0.20634920634920634 0.0773286467486819 0.3433962264150943
0.10177095631641085 0.21818181818181823 0.10832011126128772 0.14285714285714285 0.07277187244480776 0.5801886792452831
0.19214285714285714 0.17250000000000001 0.15696969696969695 0.20634920634920634 0.07107048068416388 0.31981132075471697
0.13772175536881417 0.17742003367003367 0.14194165970481762 0.20634920634920634 0.09169550173010377 0.39622641509433965
0.15529100529100529 0.17834595959595959 0.15980392156862747 0.2698412698412698 0.1560861968549796 0.2622641509433962
0.015873015873015872 0.1 0.027397260273972608 0.15873015873015872 0.0 0.5
0.03724137931034483 0.11000000000000001 0.04274509803921569 0.1746031746031746 0.018867924528301883 0.4877358490566038
0.16251596424010217 0.1363425925925926 0.13163688163688161 0.19047619047619047 0.06052631578947354 0.39433962264150946
0.22481962481962484 0.26191460055096416 0.2263350684403316 0.30158730158730157 0.19838056680161942 0.3320754716981132
-------------------------第 8 组数据------------------------------------------
0.12019700729378148 0.1717171717171717 0.13995169037416824 0.2698412698412698 0.10167389956602602 0.38991769547325095
0.1486013986013986 0.18623737373737373 0.16341335432244522 0.2698412698412698 0.13311396948848342 0.46090534979423864
0.07354797979797979 0.11863425925925926 0.05235690235690235 0.07936507936507936 0.01296596434359798 0.7942386831275721
0.1782736455463728 0.2531565656565657 0.2055678738605568 0.3333333333333333 0.19963702359346636 0.35802469135802467
0.3338744588744589 0.29671717171717177 0.3017856167856168 0.2857142857142857 0.14941494149414936 0.5174897119341564
0.22266414141414145 0.18287037037037038 0.19333077316948286 0.2222222222222222 0.09736842105263166 0.46604938271604934
0.023088023088023088 0.09090909090909091 0.03682393555811277 0.25396825396825395 0.0 0.5
0.053030303030303025 0.09532828282828283 0.051036682615629984 0.25396825396825395 0.00704225352112664 0.46296296296296297
0.36424242424242426 0.35290404040404044 0.3234216361302369 0.38095238095238093 0.2619405226794833 0.48148148148148145
0.3732142857142857 0.3287037037037037 0.3312388610414926 0.30158730158730157 0.20845231296402056 0.39300411522633744
-------------------------第 9 组数据------------------------------------------
0.13549686049686052 0.1295995670995671 0.11507391979090094 0.23809523809523808 0.054113231154207075 0.44260204081632654
0.2046825396825397 0.17435515873015872 0.16169949132646408 0.25396825396825395 0.11054370681886438 0.45025510204081637
0.18802308802308804 0.3206168831168831 0.20239549646664268 0.15873015873015872 0.07198443579766534 0.5994897959183674
0.21426631910502877 0.1552579365079365 0.14949426471641744 0.23809523809523808 0.07720476045163249 0.42984693877551017
0.13650097465886937 0.1263227513227513 0.1252238502238502 0.2222222222222222 0.09259259259259256 0.5433673469387754
0.1259920634920635 0.12235449735449734 0.1211013251454428 0.2222222222222222 0.09604685212298691 0.48469387755102034
0.023088023088023088 0.09090909090909091 0.03682393555811277 0.25396825396825395 0.0 0.5
0.05032467532467533 0.11120129870129869 0.06385281385281384 0.2698412698412698 0.04166666666666663 0.4017857142857143
0.12896825396825395 0.12251984126984126 0.11163781752017048 0.25396825396825395 0.07929104477611937 0.3469387755102041
0.18191612309259367 0.16819985569985568 0.16969696969696968 0.25396825396825395 0.13090695626651006 0.49489795918367346

Process finished with exit code 0
