E:\python\python.exe G:/Download/MCB-Diff-Prop-2/MCB-82/src/multi-classifier/run_cla.py
分类器依次为：DT, KNN, SVM, LR, NB, RF, AdaBoost, GradientBoosting
-------------------------第 0 组数据------------------------------------------
0.3488095238095238 0.36568764568764567 0.3418637992831541 0.4603174603174603 0.23934659090909083 nan
0.3534065934065934 0.3489044289044289 0.3343589743589744 0.42857142857142855 0.1832913215700397 nan
0.26385281385281384 0.23379953379953378 0.134961038961039 0.15873015873015872 0.054910840645343795 nan
0.3587813620071684 0.3442890442890443 0.3277952946883337 0.4444444444444444 0.20454545454545459 nan
0.244 0.24363636363636365 0.23307189542483658 0.38095238095238093 0.1228132809710818 nan
0.34039215686274515 0.31799533799533797 0.31863863863863867 0.4126984126984127 0.1470911086717892 nan
0.08253968253968254 0.2 0.11685393258426965 0.4126984126984127 0.0 nan
0.28524590163934427 0.21818181818181817 0.1528735632183908 0.4444444444444444 0.05728943993159463 nan
0.37065656565656563 0.33365967365967364 0.32893171344784244 0.47619047619047616 0.20436280137772667 nan
0.24798850574712641 0.243030303030303 0.23904017551076376 0.31746031746031744 0.02413544668587897 nan
-------------------------第 1 组数据------------------------------------------
0.3417700578990902 0.38419607843137255 0.35707717569786535 0.4126984126984127 0.15236363636363637 nan
0.36939393939393944 0.3997254901960784 0.3780471380471381 0.42857142857142855 0.17706821480406387 nan
0.24990079365079362 0.2561960784313725 0.17435742518351213 0.15873015873015872 0.027097902097902082 nan
0.37270270270270267 0.43459803921568624 0.3853954599761052 0.4126984126984127 0.14080353851824545 nan
0.18365384615384617 0.19655882352941179 0.18810977286476377 0.3333333333333333 0.014525139664804287 nan
0.28408748114630467 0.34105882352941175 0.29917675544794187 0.42857142857142855 0.15937731653076348 nan
0.07936507936507936 0.2 0.11363636363636365 0.3968253968253968 0.0 nan
0.1508771929824561 0.217 0.15343680709534366 0.4126984126984127 0.047794117647058876 nan
0.25166666666666665 0.26055882352941173 0.24055702917771882 0.4603174603174603 0.18586088939566703 nan
0.23581418581418584 0.29252941176470587 0.24212962962962964 0.36507936507936506 0.06145251396648044 nan
-------------------------第 2 组数据------------------------------------------
0.34714349977507875 0.3034506556245687 0.3077377377377377 0.4444444444444444 0.21474358974358987 nan
0.48227465214761034 0.37405106970324364 0.3927234927234927 0.5079365079365079 0.2969762419006481 nan
0.26689655172413795 0.28309178743961355 0.1896771764934458 0.20634920634920634 0.08563134978229314 nan
0.35303030303030297 0.2986197377501725 0.3072871572871573 0.4126984126984127 0.1680942184154175 nan
0.4830901856763926 0.3788819875776397 0.3613493260552084 0.4126984126984127 0.1728176011355571 nan
0.522077922077922 0.4049689440993789 0.39510989010989006 0.4603174603174603 0.2289416846652268 nan
0.073015873015873 0.2 0.1069767441860465 0.36507936507936506 0.0 nan
0.15547169811320755 0.21835748792270532 0.162406015037594 0.38095238095238093 0.043968871595330694 nan
0.3975 0.268391994478951 0.25765393876848985 0.4126984126984127 0.13119642191576597 nan
0.5424242424242425 0.4470669427191166 0.4529696969696969 0.47619047619047616 0.2551056968828377 nan
-------------------------第 3 组数据------------------------------------------
0.3034090909090909 0.3338345864661654 0.3175609756097561 0.4603174603174603 0.17041053446940368 nan
0.33779761904761907 0.3773410799726589 0.3511111111111111 0.5079365079365079 0.24623697414125822 nan
0.12817460317460316 0.36528822055137844 0.11696904277549439 0.12698412698412698 -0.013454226381983014 nan
0.2604945054945055 0.3065276828434723 0.2708542188805346 0.4126984126984127 0.11604095563139927 nan
0.35694444444444445 0.3661881977671452 0.3485714285714286 0.38095238095238093 0.07492469879518071 nan
0.30808080808080807 0.35463659147869675 0.3272603751292276 0.3968253968253968 0.08695652173913049 nan
0.08888888888888888 0.2 0.12307692307692306 0.4444444444444444 0.0 nan
0.18214285714285713 0.2244360902255639 0.17472527472527472 0.47619047619047616 0.08333333333333337 nan
0.2788617886178862 0.34849624060150375 0.3047619047619048 0.5079365079365079 0.21440064360418332 nan
0.29833333333333334 0.3589086352244246 0.3119128466327108 0.3968253968253968 0.10604929051530987 nan
-------------------------第 4 组数据------------------------------------------
0.4406944444444444 0.32746031746031745 0.30704898446833934 0.36507936507936506 0.13253012048192758 nan
0.2354449472096531 0.27 0.24452978323946067 0.31746031746031744 0.0498070852332515 nan
0.10548148148148147 0.22904761904761903 0.08155797101449275 0.09523809523809523 -0.018145732917493662 nan
0.39826839826839827 0.27746031746031746 0.25730337861372343 0.30158730158730157 0.04281767955801119 nan
0.4113486513486514 0.25412698412698415 0.25636811464397674 0.3492063492063492 0.09685314685314694 nan
0.3878787878787879 0.2519047619047619 0.24329670329670333 0.3492063492063492 0.09431977559607296 nan
0.06349206349206349 0.2 0.0963855421686747 0.31746031746031744 0.0 nan
0.09298245614035087 0.18333333333333332 0.10735930735930735 0.2857142857142857 -0.035049288061336226 nan
0.2671428571428572 0.2544444444444444 0.1992207792207792 0.30158730158730157 0.015625 nan
0.38 0.326031746031746 0.3118095238095238 0.3492063492063492 0.10250173731758172 nan
-------------------------第 5 组数据------------------------------------------
0.3519191919191919 0.3458507379560011 0.33707472178060416 0.4603174603174603 0.19413092550790068 nan
0.46785714285714286 0.3471177944862155 0.33917675544794185 0.49206349206349204 0.25250278086763067 nan
0.27616161616161616 0.3272904483430799 0.22527151211361737 0.2698412698412698 0.11267605633802813 nan
0.4049335863377609 0.3834725703146756 0.3853995621237001 0.49206349206349204 0.2577319587628867 nan
0.5503703703703704 0.3867028682818156 0.38432368502956743 0.4603174603174603 0.23907637655417413 nan
0.6714285714285714 0.4442077415761626 0.46985140985140983 0.5079365079365079 0.29162132752992387 nan
0.08571428571428572 0.2 0.12 0.42857142857142855 0.0 nan
0.12301886792452832 0.18401559454191033 0.13758620689655174 0.38095238095238093 -0.046422487223168885 nan
0.322406015037594 0.3123085491506544 0.3070171658406952 0.47619047619047616 0.19760710150521033 nan
0.4227197802197802 0.40210247841826785 0.3934819897084048 0.4444444444444444 0.22002122391227452 nan
-------------------------第 6 组数据------------------------------------------
0.35523809523809524 0.3542420814479638 0.33413561847988077 0.4603174603174603 0.2048997772828507 nan
0.28095238095238095 0.2861990950226244 0.2751475409836065 0.49206349206349204 0.2266973532796317 nan
0.19939393939393937 0.1506787330316742 0.0834592227695676 0.09523809523809523 0.004435819240365957 nan
0.2876923076923077 0.26889140271493217 0.25764858797116863 0.47619047619047616 0.20860296916634935 nan
0.1877584780810587 0.20328054298642534 0.19440324950306803 0.3492063492063492 0.02417831507366819 nan
0.21187965260545907 0.2194004524886878 0.21426607270527415 0.38095238095238093 0.08218154650728415 nan
0.08253968253968254 0.2 0.11685393258426965 0.4126984126984127 0.0 nan
0.12620689655172415 0.20407239819004525 0.13722943722943723 0.4126984126984127 0.018939393939393923 nan
0.15649794801641587 0.22036199095022627 0.1805626598465473 0.4126984126984127 0.0830055074744297 nan
0.2919191919191919 0.2756221719457014 0.2752542372881356 0.4603174603174603 0.1932203389830509 nan
-------------------------第 7 组数据------------------------------------------
0.2601214574898785 0.2844338118022328 0.2713497453310696 0.4444444444444444 0.20967741935483886 nan
0.29154061624649863 0.309665071770335 0.2971176470588236 0.47619047619047616 0.25855920114122677 nan
0.2867832167832168 0.2617384370015949 0.1617639308687902 0.1746031746031746 0.0523575354353486 nan
0.24256410256410255 0.2611164274322169 0.23211305822498582 0.42857142857142855 0.17766497461928932 nan
0.4420794633642931 0.31133971291866025 0.33029838022165386 0.4126984126984127 0.17428267800212538 nan
0.6142857142857142 0.45299840510366823 0.48265437788018434 0.5396825396825397 0.347266881028939 nan
0.06984126984126984 0.2 0.10352941176470587 0.3492063492063492 0.0 nan
0.22457627118644066 0.23157894736842105 0.16081588835212024 0.3968253968253968 0.07745664739884395 nan
0.14250000000000002 0.21626794258373208 0.16460554371002134 0.36507936507936506 0.051561911930748994 nan
0.49196992481203006 0.3985326953748006 0.42800066931819636 0.47619047619047616 0.265630519251148 nan
-------------------------第 8 组数据------------------------------------------
0.3175925925925926 0.2823457244509876 0.29272311212814645 0.3492063492063492 0.053846153846153766 nan
0.4440613026819923 0.3159121580174212 0.3426666666666666 0.3968253968253968 0.1106983655274888 nan
0.30476190476190473 0.23667034719666297 0.15963748894783375 0.15873015873015872 0.0268143398426115 nan
0.3278681318681319 0.27667770825665566 0.2941176470588235 0.3492063492063492 0.05384615384615388 nan
0.43074074074074076 0.2993191019506809 0.3170517598343685 0.42857142857142855 0.16464088397790044 nan
0.3374005305039788 0.3474911053858422 0.33409090909090916 0.4444444444444444 0.2119370979270907 nan
0.08253968253968254 0.2 0.11685393258426965 0.4126984126984127 0.0 nan
0.17630769230769233 0.22469635627530363 0.18552631578947368 0.42857142857142855 0.06358381502890165 nan
0.326140350877193 0.2893019261440314 0.28661630036630037 0.4126984126984127 0.0901639344262295 nan
0.3698245614035088 0.3784259600049074 0.3732255275870836 0.42857142857142855 0.1965993623804464 nan
-------------------------第 9 组数据------------------------------------------
0.31191919191919193 0.2964050442311312 0.29637320116516674 0.38095238095238093 0.11872309899569577 nan
0.3075 0.2964426877470355 0.29251287445489016 0.3968253968253968 0.13323678493845037 nan
0.2661506707946336 0.2315527950310559 0.08835793835793836 0.09523809523809523 -0.008707865168539275 nan
0.46805555555555556 0.3373084886128364 0.3545883940620783 0.42857142857142855 0.17527272727272725 nan
0.2851890756302521 0.23250894033502734 0.2417535903250189 0.3333333333333333 0.05634807417974319 nan
0.3275 0.27229813664596275 0.28806938159879336 0.31746031746031744 0.03867991483321509 nan
0.06666666666666667 0.2 0.1 0.3333333333333333 0.0 nan
0.18551724137931033 0.2070393374741201 0.13905967450271245 0.3492063492063492 0.02010622154779973 nan
0.486013986013986 0.3016977225672878 0.3172549019607843 0.36507936507936506 0.09221902017291062 nan
0.32741935483870965 0.2644306418219462 0.2794505494505494 0.30158730158730157 0.02941176470588236 nan

Process finished with exit code 0
