E:\python\python.exe G:/Download/MCB-Diff-Prop-2/MCB-73/src/multi-classifier/run_cla.py
分类器依次为：DT, KNN, SVM, LR, NB, RF, AdaBoost, GradientBoosting
-------------------------第 0 组数据------------------------------------------
0.30168115942028984 0.32897435897435895 0.3008477865620723 0.3968253968253968 0.16846127127474808 nan
0.25054945054945055 0.30769230769230765 0.27132867132867133 0.42857142857142855 0.19345661450924623 nan
0.30346320346320343 0.28205128205128205 0.16361416361416362 0.1746031746031746 0.05807935595169633 nan
0.36235294117647054 0.3507692307692308 0.3439062214924284 0.4603174603174603 0.23087971274685815 nan
0.4054713804713804 0.37743589743589745 0.36628142643439654 0.42857142857142855 0.20560420315236427 nan
0.39102564102564097 0.3976923076923077 0.37852564102564107 0.42857142857142855 0.21250000000000002 nan
0.08253968253968254 0.2 0.11685393258426965 0.4126984126984127 0.0 nan
0.1408333333333333 0.2282051282051282 0.17277277277277275 0.3968253968253968 0.05785123966942152 nan
0.1488721804511278 0.23846153846153845 0.18330170777988614 0.38095238095238093 0.06967057932601284 nan
0.5470114942528737 0.46307692307692305 0.4752922077922078 0.47619047619047616 0.26171875 nan
-------------------------第 1 组数据------------------------------------------
0.204983164983165 0.2611111111111111 0.2258454106280193 0.3333333333333333 0.06567796610169496 nan
0.19523809523809527 0.23888888888888893 0.21231884057971015 0.3968253968253968 0.12595837897042717 nan
0.27666666666666667 0.1861111111111111 0.09843371099185053 0.1111111111111111 0.020815986677768517 nan
0.2423703703703704 0.23888888888888887 0.2268581851345189 0.3968253968253968 0.13071895424836588 nan
0.22297637003519358 0.21944444444444447 0.21608770633160881 0.3492063492063492 0.06616052060737532 nan
0.23341176470588237 0.23055555555555554 0.23183673469387758 0.38095238095238093 0.10687022900763354 nan
0.09523809523809523 0.25 0.13793103448275862 0.38095238095238093 0.0 nan
0.1740566037735849 0.2604166666666667 0.18993506493506493 0.38095238095238093 0.023837902264600586 nan
0.15661103979460847 0.21944444444444447 0.18029106029106026 0.38095238095238093 0.06399999999999995 nan
0.2230952380952381 0.21388888888888888 0.21732456140350878 0.3492063492063492 0.06818181818181823 nan
-------------------------第 2 组数据------------------------------------------
0.2345833333333333 0.2802870813397129 0.25244602891661716 0.31746031746031744 0.03970223325062039 nan
0.3257183908045977 0.35419002050581 0.3331079293887643 0.38095238095238093 0.13759213759213762 nan
0.11683389074693422 0.3115151515151515 0.11330049261083744 0.12698412698412698 0.010565391205025754 nan
0.23663865546218488 0.30832535885167467 0.26091954022988506 0.31746031746031744 0.049473684210526336 nan
0.29742857142857143 0.2845796308954204 0.2869167267164764 0.3492063492063492 0.09463722397476348 nan
0.28736263736263734 0.3397676008202324 0.30867724867724866 0.3492063492063492 0.10093978419770266 nan
0.06984126984126984 0.2 0.10352941176470587 0.3492063492063492 0.0 nan
0.1 0.1923444976076555 0.11794871794871797 0.3333333333333333 -0.01612903225806428 nan
0.2638095238095238 0.26911825017088176 0.24141553480475383 0.3968253968253968 0.12275558812751919 nan
0.33335714285714285 0.3954887218045112 0.3588058554309471 0.38095238095238093 0.14390243902439026 nan
-------------------------第 3 组数据------------------------------------------
0.27053479853479856 0.32674571805006586 0.29295938104448743 0.3492063492063492 0.07947255880256587 nan
0.27702380952380956 0.33662714097496704 0.2962764771460424 0.36507936507936506 0.10288358846564605 nan
0.28291316526610644 0.33387916431394693 0.1820587528535384 0.2222222222222222 0.09365825014679974 nan
0.294047619047619 0.3120584729280381 0.29294971694971694 0.3333333333333333 0.06929300035174113 nan
0.31333333333333335 0.25819687558817994 0.25916043703277747 0.31746031746031744 0.06165569795635606 nan
0.19276190476190475 0.21400966183574877 0.20112690269952066 0.3333333333333333 0.05466237942122176 nan
0.06984126984126984 0.2 0.10352941176470587 0.3492063492063492 0.0 nan
0.1524137931034483 0.208300395256917 0.1335714285714286 0.36507936507936506 0.022498060512024742 nan
0.17777777777777776 0.23359683794466407 0.18711704634721132 0.4126984126984127 0.10586881472957399 nan
0.3563888888888889 0.3588117196812849 0.3418110933900408 0.38095238095238093 0.12406417112299473 nan
-------------------------第 4 组数据------------------------------------------
0.2808791208791209 0.28227931488801056 0.2669113935667416 0.49206349206349204 0.23981900452488691 nan
0.21357142857142858 0.22964426877470356 0.20793650793650795 0.4126984126984127 0.1180476730987513 nan
0.2 0.20592885375494072 0.16126984126984129 0.2222222222222222 0.04956896551724144 nan
0.19627039627039627 0.20237154150197628 0.1824046920821114 0.36507936507936506 0.07011070110701101 nan
0.24855855855855857 0.2538866930171278 0.2398198198198198 0.42857142857142855 0.15499254843517152 nan
0.23256704980842907 0.24519104084321475 0.23641025641025643 0.4126984126984127 0.15297965116279066 nan
0.073015873015873 0.2 0.1069767441860465 0.36507936507936506 0.0 nan
0.27666666666666667 0.22727272727272724 0.1588433734939759 0.4126984126984127 0.07609988109393584 nan
0.44873015873015876 0.28491436100131756 0.2869371196754564 0.4126984126984127 0.1289237668161436 nan
0.23666666666666664 0.21903820816864297 0.20930185633575465 0.38095238095238093 0.1196703690433536 nan
-------------------------第 5 组数据------------------------------------------
0.20216450216450216 0.1957142857142857 0.18631437527989253 0.38095238095238093 0.012062726176115923 nan
0.21666666666666665 0.19476190476190475 0.19168831168831169 0.36507936507936506 -0.020242914979756943 nan
0.1950980392156863 0.2833333333333333 0.13666666666666666 0.1746031746031746 0.044619422572178546 nan
0.19315315315315312 0.1853968253968254 0.1837948717948718 0.3492063492063492 -0.007803355442840498 nan
0.1681286549707602 0.15999999999999998 0.15818181818181815 0.30158730158730157 -0.08705882352941186 nan
0.22166666666666668 0.19380952380952382 0.1966797385620915 0.3492063492063492 -0.019739439399921066 nan
0.08888888888888888 0.2 0.12307692307692306 0.4444444444444444 0.0 nan
0.08709677419354839 0.19285714285714287 0.12 0.42857142857142855 -0.023927765237020227 nan
0.13659574468085106 0.1619047619047619 0.13885714285714285 0.3333333333333333 -0.078679168365267 nan
0.27785714285714286 0.35285714285714287 0.28961306892341376 0.30158730158730157 -0.05439330543933063 nan
-------------------------第 6 组数据------------------------------------------
0.39591478696741855 0.4315032679738562 0.3568686868686869 0.3968253968253968 0.14530524812566925 nan
0.2760588235294118 0.40335511982570804 0.3106951871657754 0.36507936507936506 0.11733800350262691 nan
0.21807692307692306 0.34880174291939 0.16285783182334906 0.19047619047619047 0.06326530612244896 nan
0.48239348370927315 0.47141612200435723 0.41328282828282825 0.4444444444444444 0.21080887616320698 nan
0.2448717948717949 0.32187363834422655 0.2564369501466276 0.31746031746031744 0.08076009501187631 nan
0.2448366013071895 0.34187363834422657 0.26572184429327284 0.3333333333333333 0.09476565172767704 nan
0.08571428571428572 0.2 0.12 0.42857142857142855 0.0 nan
0.12867132867132866 0.20130718954248367 0.1500904159132007 0.4126984126984127 0.019764507989907476 nan
0.2978571428571428 0.4086274509803921 0.31605327468230693 0.4126984126984127 0.1350649350649351 nan
0.31555555555555553 0.4538126361655773 0.3300999000999001 0.42857142857142855 0.21359223300970875 nan
-------------------------第 7 组数据------------------------------------------
0.41540372670807446 0.34787723785166247 0.3519695465077789 0.38095238095238093 0.1228132809710818 nan
0.23806818181818185 0.2683375959079284 0.23984275184275186 0.3968253968253968 0.13292285403839188 nan
0.3825396825396825 0.28555839727195226 0.17352600170502983 0.1746031746031746 0.06024096385542166 nan
0.2800483829895595 0.27657289002557545 0.2661904761904762 0.38095238095238093 0.125 nan
0.2743589743589744 0.30049445865302643 0.28459969403365626 0.4444444444444444 0.1964285714285715 nan
0.29576741041244087 0.32095481670929243 0.30690799396681745 0.47619047619047616 0.25108069164265134 nan
0.073015873015873 0.2 0.1069767441860465 0.36507936507936506 0.0 nan
0.22142857142857145 0.2579710144927536 0.20230149597238203 0.42857142857142855 0.11956521739130432 nan
0.15238095238095237 0.22376811594202897 0.18122605363984673 0.3492063492063492 0.06277213352685052 nan
0.5273850574712644 0.38409207161125314 0.3942706487061326 0.5238095238095238 0.3242760100107257 nan
-------------------------第 8 组数据------------------------------------------
0.46571428571428564 0.34916666666666674 0.3539259259259259 0.47619047619047616 0.25161987041036715 nan
0.2836700336700337 0.3158333333333333 0.29421606480430007 0.47619047619047616 0.2551056968828376 nan
0.33766666666666667 0.29750000000000004 0.2358951737581502 0.25396825396825395 0.1262909412806138 nan
0.24060314685314682 0.2425 0.2373015873015873 0.38095238095238093 0.1231263383297646 nan
0.45099616858237546 0.32166666666666666 0.33623180592991914 0.38095238095238093 0.12531149875400482 nan
0.3857707509881423 0.3524999999999999 0.35664859388263637 0.4126984126984127 0.18808777429467083 nan
0.07619047619047618 0.2 0.1103448275862069 0.38095238095238093 0.0 nan
0.18135593220338983 0.22666666666666666 0.15776791376030436 0.4126984126984127 0.06498194945848368 nan
0.21682692307692308 0.22916666666666666 0.21995073891625613 0.36507936507936506 0.09287257019438444 nan
0.3808484848484848 0.31666666666666665 0.3350820207963065 0.36507936507936506 0.1136123812873725 nan
-------------------------第 9 组数据------------------------------------------
0.1765151515151515 0.18237229437229435 0.17908884766027625 0.31746031746031744 0.008418740849194806 nan
0.1678030303030303 0.17284848484848486 0.16972701225192915 0.30158730158730157 -0.015756687431293548 nan
0.12322472848788638 0.27552380952380956 0.09757211128178869 0.1111111111111111 -0.014376078205865506 nan
0.3580952380952381 0.39768831168831176 0.37158691094704216 0.4444444444444444 0.2113733905579399 nan
0.47391304347826074 0.4085541125541125 0.4208432147562582 0.3968253968253968 0.13417721518987336 nan
0.41785714285714287 0.36703030303030304 0.3665700483091788 0.31746031746031744 0.029727793696275095 nan
0.07936507936507936 0.2 0.11363636363636365 0.3968253968253968 0.0 nan
0.2806451612903226 0.20952380952380953 0.13312434691745037 0.4126984126984127 0.027939949958298627 nan
0.23947712418300657 0.2713246753246753 0.24802259887005648 0.31746031746031744 -0.006688963210702559 nan
0.32661172161172164 0.37589610389610384 0.34624404147623966 0.3492063492063492 0.06548480463096962 nan

Process finished with exit code 0
