E:\python\python.exe G:/Download/MCB-Diff-Prop-2/MCB-91/src/multi-classifier/run_cla.py
分类器依次为： LR, NB,DT, SVM, AdaBoost,Bagging, | GradientBoosting, RF
-------------------------第 0 组数据------------------------------------------
0.3427941176470588 0.34564102564102567 0.3414311594202899 0.5714285714285714 0.3422273781902553 nan
0.3117282717282717 0.31040293040293043 0.30945868945868943 0.5238095238095238 0.268009295120062 nan
0.2176923076923077 0.10871794871794874 0.08303680092726747 0.09523809523809523 -0.02746781115879826 nan
0.28725274725274724 0.2807326007326007 0.28160039638300505 0.49206349206349204 0.22222222222222232 nan
0.2928571428571428 0.27186813186813186 0.27221772379667114 0.3333333333333333 0.048885693745506775 nan
0.5142857142857143 0.3509157509157509 0.3916883116883117 0.3968253968253968 0.09626274065685159 nan
0.09523809523809523 0.2 0.12903225806451613 0.47619047619047616 0.0 nan
0.1583916083916084 0.22285714285714286 0.17970731707317072 0.47619047619047616 0.07804878048780495 nan
0.3742857142857143 0.31648351648351647 0.3207239819004525 0.4603174603174603 0.1681553398058251 nan
0.2902834008097166 0.2501098901098901 0.26578088578088577 0.3333333333333333 0.033953997809419656 nan
-------------------------第 1 组数据------------------------------------------
0.4560623781676413 0.39309523809523805 0.41605169340463455 0.42857142857142855 0.19402985074626877 nan
0.5181818181818182 0.355 0.3928335179032854 0.4444444444444444 0.20797413793103448 nan
0.3333333333333333 0.3576190476190476 0.21777777777777776 0.20634920634920634 0.08616187989556134 nan
0.42941558441558436 0.38357142857142856 0.3894209039548023 0.4603174603174603 0.23308270676691722 nan
0.49240336134453777 0.3597619047619047 0.3893805943430004 0.4126984126984127 0.18978102189781032 nan
0.42000000000000004 0.34904761904761905 0.37053795877325285 0.3968253968253968 0.14834578441835644 nan
0.07619047619047618 0.2 0.1103448275862069 0.38095238095238093 0.0 nan
0.18135593220338983 0.21904761904761907 0.14766265060240963 0.4126984126984127 0.05589307411907651 nan
0.5728937728937729 0.32261904761904764 0.34365079365079365 0.4603174603174603 0.16750874465604337 nan
0.3878026169101684 0.32095238095238093 0.341016548463357 0.3968253968253968 0.16990291262135926 nan
-------------------------第 2 组数据------------------------------------------
0.408109243697479 0.2617460317460317 0.2633766233766234 0.3492063492063492 0.0888888888888889 nan
0.43 0.30142857142857143 0.30122382880277615 0.3968253968253968 0.15555555555555556 nan
0.39015873015873015 0.2541269841269841 0.1896135265700483 0.19047619047619047 0.06134969325153361 nan
0.2838095238095238 0.2641269841269841 0.24856143856143853 0.31746031746031744 0.06002775850104092 nan
0.4491666666666666 0.3493650793650794 0.3703937369819723 0.3968253968253968 0.17019064124783367 nan
0.5468253968253969 0.33920634920634923 0.35977292102611796 0.4126984126984127 0.17864693446088797 nan
0.06349206349206349 0.2 0.0963855421686747 0.31746031746031744 0.0 nan
0.1190909090909091 0.21222222222222223 0.1321025641025641 0.3333333333333333 0.028990825688073207 nan
0.45083333333333336 0.3087301587301587 0.29642857142857143 0.38095238095238093 0.11777378815080786 nan
0.4634920634920635 0.35809523809523813 0.37162698412698414 0.3968253968253968 0.1649808161841646 nan
-------------------------第 3 组数据------------------------------------------
0.2860722610722611 0.27627740751473 0.2694468634091276 0.3968253968253968 0.14070351758793964 nan
0.32263099219620955 0.272114362986574 0.2811965811965812 0.36507936507936506 0.09935668334524672 nan
0.09336846728151076 0.3068627450980392 0.12245351978388683 0.14285714285714285 0.021851638872915524 nan
0.31425324675324673 0.30172896744904854 0.30611376927166406 0.4444444444444444 0.20281995661605212 nan
0.4841025641025641 0.3547425866898483 0.38061743341404364 0.42857142857142855 0.16892634664712347 nan
0.3620779220779221 0.25362696802859075 0.27229499087084225 0.31746031746031744 -0.004449388209121219 nan
0.09206349206349206 0.2 0.12608695652173912 0.4603174603174603 0.0 nan
0.14215384615384616 0.20081135902636915 0.16151898734177217 0.42857142857142855 0.01305483028720622 nan
0.35810810810810806 0.33709069834830485 0.3416666666666667 0.47619047619047616 0.19262135922330093 nan
0.207397504456328 0.20957210470395055 0.20409414340448828 0.3492063492063492 0.03258426966292127 nan
-------------------------第 4 组数据------------------------------------------
0.36772486772486773 0.3162237762237762 0.32644431979980154 0.47619047619047616 0.2526959022286126 nan
0.24740259740259737 0.25524475524475526 0.24923809523809526 0.4126984126984127 0.1560463432295438 nan
0.28095238095238095 0.43272727272727274 0.17848932676518883 0.20634920634920634 0.10230834995725269 nan
0.27959899749373435 0.27622377622377625 0.2703939962476548 0.4603174603174603 0.23087971274685826 nan
0.4126666666666667 0.26167832167832167 0.2830800405268491 0.38095238095238093 0.11523226503420947 nan
0.49751515151515147 0.3441958041958042 0.3669761444229529 0.49206349206349204 0.27246481414651746 nan
0.06984126984126984 0.2 0.10352941176470587 0.3492063492063492 0.0 nan
0.2074074074074074 0.23636363636363633 0.18268251273344652 0.4126984126984127 0.09756097560975607 nan
0.1796969696969697 0.2363636363636364 0.19082719082719085 0.4126984126984127 0.12203389830508471 nan
0.28159103641456584 0.25258741258741263 0.2620627992968419 0.36507936507936506 0.11392405063291133 nan
-------------------------第 5 组数据------------------------------------------
0.4588383838383838 0.5263888888888889 0.44833333333333336 0.4603174603174603 0.24444444444444435 nan
0.4468571428571428 0.43888888888888894 0.43388801674515964 0.4603174603174603 0.2314316469321852 nan
0.29293907846539424 0.4763888888888889 0.19502718001901304 0.20634920634920634 0.09664468024089479 nan
0.3537046861184793 0.4097222222222222 0.365506397744524 0.42857142857142855 0.19745222929936312 nan
0.32019493177387914 0.33333333333333337 0.32628168965929877 0.3968253968253968 0.1246800731261426 nan
0.33382456140350875 0.37916666666666665 0.3471777900349329 0.38095238095238093 0.12810503903477644 nan
0.07619047619047618 0.2 0.1103448275862069 0.38095238095238093 0.0 nan
0.13571428571428573 0.20555555555555555 0.14200000000000002 0.38095238095238093 0.01680672268907557 nan
0.2426315789473684 0.3055555555555555 0.25564135564135565 0.36507936507936506 0.08893709327548793 nan
0.15529411764705886 0.15416666666666667 0.15462804476629363 0.25396825396825395 -0.05373665480427037 nan
-------------------------第 6 组数据------------------------------------------
0.3592156862745098 0.315 0.3239386602098466 0.5079365079365079 0.23770491803278682 nan
0.3796969696969697 0.34900000000000003 0.3578762999452655 0.49206349206349204 0.2195121951219512 nan
0.18958333333333335 0.356 0.14198171778816943 0.15873015873015872 0.02681433984261139 nan
0.423859649122807 0.39799999999999996 0.3888888888888889 0.5555555555555556 0.31918178309532996 nan
0.28863287250384023 0.244 0.25842490842490845 0.31746031746031744 0.006236243580337586 nan
0.268922305764411 0.259 0.2597265892002734 0.3968253968253968 0.08765243902439013 nan
0.07936507936507936 0.2 0.11363636363636365 0.3968253968253968 0.0 nan
0.1847457627118644 0.21600000000000003 0.1466338259441708 0.42857142857142855 0.052631578947368474 nan
0.49203413940256047 0.341 0.3423916585206908 0.47619047619047616 0.18246165945733395 nan
0.32625610948191597 0.342 0.32527986633249795 0.4444444444444444 0.1863468634686346 nan
-------------------------第 7 组数据------------------------------------------
0.5217948717948717 0.4389206349206349 0.46098508302842667 0.5396825396825397 0.3502844950213372 nan
0.4498168498168497 0.3506666666666666 0.36555183946488295 0.47619047619047616 0.25108069164265134 nan
0.29494252873563215 0.3702222222222222 0.24201680672268905 0.30158730158730157 0.16405307599517482 nan
0.344247311827957 0.3561269841269841 0.3412698412698413 0.47619047619047616 0.25776508389860764 nan
0.26982456140350874 0.28247619047619044 0.27204669013179655 0.30158730158730157 0.04742268041237108 nan
0.39421356421356424 0.39669841269841266 0.3900033772374198 0.4444444444444444 0.24174690508940855 nan
0.07936507936507936 0.2 0.11363636363636365 0.3968253968253968 0.0 nan
0.22222222222222224 0.25866666666666666 0.210407876230661 0.47619047619047616 0.15384615384615385 nan
0.40080156402737044 0.35434920634920636 0.36095238095238097 0.4603174603174603 0.21278941565600884 nan
0.40771929824561404 0.3756190476190476 0.3744388814088007 0.38095238095238093 0.17798594847775173 nan
-------------------------第 8 组数据------------------------------------------
0.343444976076555 0.31917874396135265 0.31923809523809527 0.4126984126984127 0.17281760113555722 nan
0.37328431372549015 0.23178743961352657 0.24263736263736266 0.31746031746031744 0.03902092940759139 nan
0.215990675990676 0.24884057971014495 0.16044444444444445 0.19047619047619047 0.051372896368467647 nan
0.3064711632453568 0.3353140096618358 0.31133126934984523 0.4126984126984127 0.1889352818371608 nan
0.27999999999999997 0.23217391304347826 0.22753246753246753 0.3333333333333333 0.07385369268463415 nan
0.3261904761904762 0.28400966183574883 0.29183389074693417 0.3333333333333333 0.08379501385041555 nan
0.06349206349206349 0.2 0.0963855421686747 0.31746031746031744 0.0 nan
0.13684210526315788 0.21739130434782608 0.13148231079265563 0.3492063492063492 0.04013377926421391 nan
0.28492753623188405 0.2808695652173913 0.24393939393939396 0.4126984126984127 0.15878744135691092 nan
0.2610119047619047 0.21347826086956526 0.2232848232848233 0.25396825396825395 -0.030988857938718528 nan
-------------------------第 9 组数据------------------------------------------
0.31593582887700533 0.36372670807453417 0.3060143168378463 0.42857142857142855 0.20810055865921784 nan
0.3102195408077761 0.37229813664596273 0.3185857001231057 0.42857142857142855 0.21195274496177907 nan
0.2684313725490196 0.32298136645962733 0.1688090418353576 0.1746031746031746 0.06131805157593129 nan
0.30344696969696966 0.3481366459627329 0.2959560439560439 0.4126984126984127 0.1897810218978102 nan
0.346 0.34670807453416147 0.342051282051282 0.4126984126984127 0.18410920546027287 nan
0.40129629629629626 0.44242236024844717 0.4062690237356244 0.42857142857142855 0.19943522767384403 nan
0.06349206349206349 0.2 0.0963855421686747 0.31746031746031744 0.0 nan
0.2 0.21739130434782608 0.13076923076923078 0.3492063492063492 0.043333333333333446 nan
0.3336734693877551 0.35478260869565215 0.28521739130434776 0.36507936507936506 0.09935668334524661 nan
0.3676190476190476 0.3667080745341615 0.35404204204204204 0.4444444444444444 0.23410906564779432 nan

Process finished with exit code 0
