E:\python\python.exe G:/Download/MCB-Diff-Prop-2/MCB-55/src/multi-classifier/run_cla.py
分类器依次为：LR,KNN, DT, SVM,  NB, RF, AdaBoost, GradientBoosting
-------------------------第 0 组数据------------------------------------------
0.30588705647176406 0.3886549707602339 0.3157176629517055 0.3968253968253968 0.17929379499485765 nan
0.3318954248366014 0.399766081871345 0.3325925925925926 0.4126984126984127 0.19841815680880326 nan
0.23014354066985643 0.2736842105263158 0.20397074190177636 0.23809523809523808 0.07861060329067648 nan
0.5685810810810811 0.4253508771929824 0.36686868686868684 0.42857142857142855 0.22540983606557385 nan
0.19219219219219216 0.24596491228070178 0.20124777183600714 0.3492063492063492 0.1021897810218978 nan
0.25392156862745097 0.292046783625731 0.26008403361344545 0.3333333333333333 0.08915662650602407 nan
0.05714285714285714 0.2 0.08888888888888889 0.2857142857142857 0.0 nan
0.1879245283018868 0.26315789473684215 0.1841670713938805 0.38095238095238093 0.13026548672566363 nan
0.29917440660474715 0.35485380116959064 0.2920634920634921 0.3492063492063492 0.10838798757335155 nan
0.468974358974359 0.3303801169590643 0.32158730158730153 0.36507936507936506 0.14198161389172625 nan
-------------------------第 1 组数据------------------------------------------
0.4417582417582417 0.412460815047022 0.4214449514449513 0.4444444444444444 0.19052863436123357 nan
0.4402852049910873 0.31496865203761754 0.33196990947341576 0.4444444444444444 0.15322580645161277 nan
0.3416666666666666 0.3564002089864159 0.2840575720575721 0.3333333333333333 0.1527377521613833 nan
0.41555555555555557 0.3317789968652038 0.3566373343736905 0.3968253968253968 0.10269865067466266 nan
0.22875816993464054 0.262539184952978 0.24134199134199133 0.3968253968253968 0.1198529411764706 nan
0.20833333333333331 0.21920062695924764 0.21008075318611502 0.3492063492063492 0.0695244956772334 nan
0.09206349206349206 0.2 0.12608695652173912 0.4603174603174603 0.0 nan
0.13726315789473684 0.18793103448275864 0.1584273753185293 0.38095238095238093 0.004053506282934771 nan
0.23572715572715572 0.236794670846395 0.22526617526617526 0.42857142857142855 0.09461077844311372 nan
0.215 0.22609717868338558 0.21939946018893383 0.36507936507936506 0.07488986784140961 nan
-------------------------第 2 组数据------------------------------------------
0.24744444444444444 0.24367816091954025 0.24232804232804234 0.42857142857142855 0.15812917594654785 nan
0.4613333333333333 0.36590038314176243 0.3947089947089947 0.4603174603174603 0.19594594594594583 nan
0.21822727272727277 0.27892720306513413 0.14626350488419454 0.1746031746031746 0.04238526746565341 nan
0.39049999999999996 0.46034482758620693 0.4166137566137567 0.4603174603174603 0.21250000000000002 nan
0.18766666666666668 0.25363984674329504 0.20527800413715286 0.30158730158730157 -0.01724770642201845 nan
0.2895104895104895 0.41321839080459777 0.32428571428571423 0.4126984126984127 0.13313499442171817 nan
0.09206349206349206 0.2 0.12608695652173912 0.4603174603174603 0.0 nan
0.15918367346938775 0.21685823754789268 0.17820512820512818 0.4603174603174603 0.06707317073170749 nan
0.37903985507246374 0.4588122605363985 0.40568055130888825 0.5079365079365079 0.2374072627879733 nan
0.2650326797385621 0.30344827586206896 0.2757142857142857 0.38095238095238093 0.09735488611315213 nan
-------------------------第 3 组数据------------------------------------------
0.3963345864661654 0.312156862745098 0.3351158645276292 0.42857142857142855 0.08585247883917768 nan
0.38309178743961353 0.3023529411764706 0.32438596491228067 0.38095238095238093 0.04988399071925764 nan
0.35972027972027976 0.36372549019607847 0.28243243243243243 0.25396825396825395 0.09227467811158796 nan
0.38063025210084034 0.29372549019607846 0.3195374560080443 0.3968253968253968 0.057480314960629886 nan
0.4661904761904762 0.32372549019607844 0.36926205202067275 0.3333333333333333 0.0048890560361039 nan
0.23055555555555554 0.2705882352941177 0.24496933390386538 0.31746031746031744 -0.018038331454340417 nan
0.09523809523809523 0.2 0.12903225806451613 0.47619047619047616 0.0 nan
0.1792838874680307 0.2372549019607843 0.20216718266253872 0.49206349206349204 0.12347826086956515 nan
0.4222222222222222 0.312156862745098 0.33553113553113556 0.42857142857142855 0.06551297898640296 nan
0.275 0.3305882352941177 0.29284221525600834 0.3968253968253968 0.11497227356746764 nan
-------------------------第 4 组数据------------------------------------------
0.38933333333333336 0.2532931121166415 0.2576190476190476 0.38095238095238093 0.08966283808818087 nan
0.3487641390867197 0.3018099547511312 0.3052968960863698 0.4126984126984127 0.13953488372093026 nan
0.2997575757575757 0.29543489190548017 0.23913911294006823 0.25396825396825395 0.08667489204194945 nan
0.39178981937602625 0.3189341377576672 0.3376452494873547 0.3968253968253968 0.13292285403839188 nan
0.2592741935483871 0.2742081447963801 0.26539074960127584 0.38095238095238093 0.11171366594360088 nan
0.243030303030303 0.26199095022624436 0.2477307638597961 0.38095238095238093 0.09834862385321097 nan
0.08253968253968254 0.2 0.11685393258426965 0.4126984126984127 0.0 nan
0.15416666666666665 0.22036199095022627 0.17601351351351352 0.4126984126984127 0.05474452554744513 nan
0.19598930481283422 0.21226747109100047 0.1958974358974359 0.3492063492063492 0.027850959729017744 nan
0.4704658197217181 0.37107088989441933 0.396058327637275 0.4444444444444444 0.20511896178803168 nan
-------------------------第 5 组数据------------------------------------------
0.5563492063492064 0.4696969696969697 0.4631083202511774 0.5079365079365079 0.3039914468995012 nan
0.5141176470588235 0.43535353535353527 0.4280200501253133 0.4444444444444444 0.22631578947368425 nan
0.3165674603174603 0.3363636363636363 0.23696560970394645 0.20634920634920634 0.08002336448598124 nan
0.5537142857142856 0.5888888888888888 0.5316389992985738 0.4603174603174603 0.24710017574692444 nan
0.26829629629629625 0.2737373737373737 0.2612719506407214 0.42857142857142855 0.17316806416332475 nan
0.565018315018315 0.5111111111111111 0.49323467230443974 0.42857142857142855 0.19402985074626866 nan
0.06984126984126984 0.2 0.10352941176470587 0.3492063492063492 0.0 nan
0.1089655172413793 0.19292929292929292 0.11739130434782612 0.3333333333333333 -0.016519400691509922 nan
0.5229721362229103 0.42525252525252527 0.397946647946648 0.4444444444444444 0.21080887616320687 nan
0.4357264957264957 0.4222222222222222 0.40658730158730155 0.3492063492063492 0.09081309398099258 nan
-------------------------第 6 组数据------------------------------------------
0.20952380952380953 0.22707070707070712 0.21621896383186706 0.3492063492063492 0.08631057658295016 nan
0.2733516483516484 0.31540404040404035 0.28526736055935165 0.3968253968253968 0.13292285403839188 nan
0.26636363636363636 0.19717171717171716 0.17057644110275688 0.2222222222222222 0.05219527172244387 nan
0.27525252525252525 0.2688383838383839 0.25150068322482116 0.4126984126984127 0.15909090909090906 nan
0.2597979797979798 0.26464646464646463 0.2581196581196581 0.3968253968253968 0.14621968616262482 nan
0.40374999999999994 0.3308080808080808 0.34276094276094277 0.4603174603174603 0.23253314224292365 nan
0.0873015873015873 0.25 0.12941176470588234 0.3492063492063492 0.0 nan
0.0873015873015873 0.25 0.12941176470588234 0.3492063492063492 0.0 nan
0.2357142857142857 0.24181818181818185 0.2003809523809524 0.3968253968253968 0.10970621048716978 nan
0.36698924731182797 0.2967171717171717 0.30458293628104954 0.42857142857142855 0.19602977667493782 nan
-------------------------第 7 组数据------------------------------------------
0.5547886895712983 0.3738095238095238 0.41297199562694475 0.42857142857142855 0.18796992481203 nan
0.47823529411764704 0.3619047619047619 0.3768957871396895 0.4603174603174603 0.2171052631578948 nan
0.2808333333333334 0.269047619047619 0.20476230899830222 0.2222222222222222 0.072972972972973 nan
0.3465800865800866 0.36428571428571427 0.3532323711725705 0.38095238095238093 0.11935483870967745 nan
0.3942970822281167 0.2952380952380952 0.30878048780487805 0.3492063492063492 0.07119741100323618 nan
0.6458126550868487 0.4428571428571428 0.47220314820314824 0.4603174603174603 0.23880597014925387 nan
0.06666666666666667 0.2 0.1 0.3333333333333333 0.0 nan
0.1690909090909091 0.21904761904761907 0.15517241379310345 0.36507936507936506 0.04761904761904767 nan
0.6023809523809524 0.35952380952380947 0.39880952380952384 0.4126984126984127 0.1461538461538462 nan
0.5804496578690127 0.3380952380952381 0.388628762541806 0.36507936507936506 0.09774436090225569 nan
-------------------------第 8 组数据------------------------------------------
0.49736842105263157 0.2995238095238095 0.30887218045112785 0.38095238095238093 0.1277955271565494 nan
0.2651048951048951 0.25428571428571434 0.21559772296015173 0.36507936507936506 0.10764872521246471 nan
0.2995670995670996 0.24317460317460315 0.1909141936968024 0.20634920634920634 0.06694312796208524 nan
0.4062770562770563 0.32142857142857145 0.30694735372154724 0.36507936507936506 0.13163335630599582 nan
0.2685897435897436 0.29095238095238096 0.2503670433690718 0.36507936507936506 0.12195121951219512 nan
0.31777777777777777 0.3065079365079365 0.2798941798941799 0.38095238095238093 0.15012106537530256 nan
0.05714285714285714 0.2 0.08888888888888889 0.2857142857142857 0.0 nan
0.05714285714285714 0.2 0.08888888888888889 0.2857142857142857 0.0 nan
0.672340425531915 0.3493650793650794 0.34753873577402994 0.4126984126984127 0.17690677966101687 nan
0.2841666666666667 0.30412698412698413 0.282706942236354 0.31746031746031744 0.05708318830490777 nan
-------------------------第 9 组数据------------------------------------------
0.22846702317290551 0.21956521739130436 0.22186058084335364 0.2857142857142857 -0.018318965517241326 nan
0.4006756756756757 0.25507246376811593 0.26666666666666666 0.36507936507936506 0.06458797327394206 nan
0.3032767232767233 0.27217391304347827 0.2439963617350256 0.23809523809523808 0.07068223724646594 nan
0.3057142857142857 0.23768115942028983 0.25057816956183565 0.3333333333333333 0.040609137055837574 nan
0.16095238095238096 0.1784057971014493 0.16193633952254644 0.30158730158730157 -0.008733624454148492 nan
0.21847290640394088 0.24434782608695654 0.23011257035647276 0.38095238095238093 0.10098792535675083 nan
0.073015873015873 0.2 0.1069767441860465 0.36507936507936506 0.0 nan
0.15586206896551724 0.21130434782608698 0.140641975308642 0.38095238095238093 0.030769230769230882 nan
0.376231884057971 0.23246376811594205 0.23053140096618358 0.3333333333333333 -0.004555808656036442 nan
0.23397778691896337 0.232463768115942 0.2217000565930956 0.38095238095238093 0.11935483870967756 nan

Process finished with exit code 0
